    0         2         0        35        47        59        61        62        63
    1         2         0        47        35         3        61        46        48
    2         2         0        35        59        50        63        64        65
    3         2         0        12        13        56        23        66        67
    4         2         0        26        27        56        37        68        69
    5         2         0         4         5        50        15        70        71
    6         2         0        34        35        50        45        65        72
    7         2         0         5        51        50        73        74        70
    8         2         0        34        50        51        72        74        75
    9         2         0         5         6        51        16        76        73
   10         2         0        33        34        51        44        75        77
   11         2         0         1         2        52        25        78        79
   12         2         0         6        53        51        80        81        76
   13         2         0        33        51        53        77        81        82
   14         2         0        32        33        53        43        82        83
   15         2         0         6         7        53        17        84        80
   16         2         0        32        53        54        83        85        86
   17         2         0         7        54        53        87        85        84
   18         2         0         0        59        47        88        62        49
   19         2         0         0         4        59        14        89        88
   20         2         0         4        50        59        71        64        89
   21         2         0        31        32        54        42        86        90
   22         2         0         7         8        54        18        91        87
   23         2         0        11        12        58        22        92        93
   24         2         0        27        28        58        38        94        95
   25         2         0        13        52        26        96        97        98
   26         2         0        31        54        55        90        99       100
   27         2         0         8        55        54       101        99        91
   28         2         0        30        31        55        41       100       102
   29         2         0         8         9        55        19       103       101
   30         2         0        13        26        56        98        69        66
   31         2         0        30        55        57       102       104       105
   32         2         0         9        57        55       106       104       103
   33         2         0        12        56        27        67        68       107
   34         2         0        28        60        58       108       109        94
   35         2         0        60        11        58       110        93       109
   36         2         0        29        30        57        40       105       111
   37         2         0         9        10        57        20       112       106
   38         2         0        29        57        60       111       113       114
   39         2         0        10        60        57       115       113       112
   40         2         0        10        11        60        21       110       115
   41         2         0        28        29        60        39       114       108
   42         2         0        12        27        58       107        95        92
   43         2         0         1        52        13        79        96        24
   44         2         0         2        26        52        36        97        78
