    0              0.000000             -1.000000             -1             -1
    1             10.000000             -0.250000              0              0
    2             10.000000              0.250000              0              0
    3              0.000000              1.000000             -1             -1
    4              0.909091             -0.931818              0              0
    5              1.818182             -0.863636              0              0
    6              2.727273             -0.795455              0              0
    7              3.636364             -0.727273              0              0
    8              4.545455             -0.659091              0              0
    9              5.454545             -0.590909              0              0
   10              6.363636             -0.522727              0              0
   11              7.272727             -0.454545              0              0
   12              8.181818             -0.386364              0              0
   13              9.090909             -0.318182              0              0
   14              0.454545             -0.965909              0              0
   15              1.363636             -0.897727              0              0
   16              2.272727             -0.829545              0              0
   17              3.181818             -0.761364              0              0
   18              4.090909             -0.693182              0              0
   19              5.000000             -0.625000              0              0
   20              5.909091             -0.556818              0              0
   21              6.818182             -0.488636              0              0
   22              7.727273             -0.420455              0              0
   23              8.636364             -0.352273              0              0
   24              9.545455             -0.284091              0              0
   25             10.000000             -0.000000              0              0
   26              9.090909              0.318182              0              0
   27              8.181818              0.386364              0              0
   28              7.272727              0.454545              0              0
   29              6.363636              0.522727              0              0
   30              5.454545              0.590909              0              0
   31              4.545455              0.659091              0              0
   32              3.636364              0.727273              0              0
   33              2.727273              0.795455              0              0
   34              1.818182              0.863636              0              0
   35              0.909091              0.931818              0              0
   36              9.545455              0.284091              0              0
   37              8.636364              0.352273              0              0
   38              7.727273              0.420455              0              0
   39              6.818182              0.488636              0              0
   40              5.909091              0.556818              0              0
   41              5.000000              0.625000              0              0
   42              4.090909              0.693182              0              0
   43              3.181818              0.761364              0              0
   44              2.272727              0.829545              0              0
   45              1.363636              0.897727              0              0
   46              0.454545              0.965909              0              0
   47              0.000000              0.000000             -1             -1
   48              0.000000              0.500000             -1             -1
   49              0.000000             -0.500000             -1             -1
   50              1.389263             -0.046171              0              0
   51              2.267481             -0.007695              0              0
   52              9.524148              0.000000              0              0
   53              3.158690             -0.000916              0              0
   54              4.079242             -0.000153              0              0
   55              4.991095             -0.000025              0              0
   56              8.609943              0.000000              0              0
   57              5.901499             -0.000004              0              0
   58              7.695739              0.000000              0              0
   59              0.648153             -0.277023              0              0
   60              6.811661             -0.000001              0              0
   61              0.454545              0.465909              0              0
   62              0.324077             -0.138512              0              0
   63              0.778622              0.327397              0              0
   64              1.018708             -0.161597              0              0
   65              1.149177              0.442824              0              0
   66              8.850426             -0.159091              0              0
   67              8.395881             -0.193182              0              0
   68              8.395881              0.193182              0              0
   69              8.850426              0.159091              0              0
   70              1.603723             -0.454903              0              0
   71              1.149177             -0.488994              0              0
   72              1.603723              0.408733              0              0
   73              2.042832             -0.435666              0              0
   74              1.828372             -0.026933              0              0
   75              2.042832              0.427971              0              0
   76              2.497377             -0.401575              0              0
   77              2.497377              0.393880              0              0
   78              9.762074              0.125000              0              0
   79              9.762074             -0.125000              0              0
   80              2.942981             -0.398185              0              0
   81              2.713085             -0.004306              0              0
   82              2.942981              0.397269              0              0
   83              3.397527              0.363178              0              0
   84              3.397527             -0.364094              0              0
   85              3.618966             -0.000534              0              0
   86              3.857803              0.363560              0              0
   87              3.857803             -0.363713              0              0
   88              0.324077             -0.638512              0              0
   89              0.778622             -0.604421              0              0
   90              4.312348              0.329469              0              0
   91              4.312348             -0.329622              0              0
   92              7.938778             -0.193182              0              0
   93              7.484233             -0.227273              0              0
   94              7.484233              0.227273              0              0
   95              7.938778              0.193182              0              0
   96              9.307528             -0.159091              0              0
   97              9.307528              0.159091              0              0
   98              9.090909             -0.000000              0              0
   99              4.535169             -0.000089              0              0
  100              4.768275              0.329533              0              0
  101              4.768275             -0.329558              0              0
  102              5.222820              0.295442              0              0
  103              5.222820             -0.295467              0              0
  104              5.446297             -0.000015              0              0
  105              5.678022              0.295452              0              0
  106              5.678022             -0.295457              0              0
  107              8.181818             -0.000000              0              0
  108              7.042194              0.227272              0              0
  109              7.253700             -0.000000              0              0
  110              7.042194             -0.227273              0              0
  111              6.132568              0.261362              0              0
  112              6.132568             -0.261366              0              0
  113              6.356580             -0.000002              0              0
  114              6.587649              0.261363              0              0
  115              6.587649             -0.261364              0              0
