0    1    1    0    6    46    27
1    1    1    27    46    47    26
2    1    1    26    47    48    25
3    1    1    25    48    49    24
4    1    1    24    49    45    4
5    1    1    6    7    50    46
6    1    1    46    50    51    47
7    1    1    47    51    52    48
8    1    1    48    52    53    49
9    1    1    49    53    44    45
10    1    1    7    8    54    50
11    1    1    50    54    55    51
12    1    1    51    55    56    52
13    1    1    52    56    57    53
14    1    1    53    57    43    44
15    1    1    8    9    58    54
16    1    1    54    58    59    55
17    1    1    55    59    60    56
18    1    1    56    60    61    57
19    1    1    57    61    42    43
20    1    1    9    10    62    58
21    1    1    58    62    63    59
22    1    1    59    63    64    60
23    1    1    60    64    65    61
24    1    1    61    65    41    42
25    1    1    10    11    66    62
26    1    1    62    66    67    63
27    1    1    63    67    68    64
28    1    1    64    68    69    65
29    1    1    65    69    40    41
30    1    1    11    12    70    66
31    1    1    66    70    71    67
32    1    1    67    71    72    68
33    1    1    68    72    73    69
34    1    1    69    73    39    40
35    1    1    12    13    74    70
36    1    1    70    74    75    71
37    1    1    71    75    76    72
38    1    1    72    76    77    73
39    1    1    73    77    38    39
40    1    1    13    1    31    74
41    1    1    74    31    30    75
42    1    1    75    30    29    76
43    1    1    76    29    28    77
44    1    1    77    28    5    38
45    1    1    3    32    78    23
46    1    1    23    78    79    22
47    1    1    22    79    80    21
48    1    1    21    80    81    20
49    1    1    20    81    19    2
50    1    1    32    33    82    78
51    1    1    78    82    83    79
52    1    1    79    83    84    80
53    1    1    80    84    85    81
54    1    1    81    85    18    19
55    1    1    33    34    86    82
56    1    1    82    86    87    83
57    1    1    83    87    88    84
58    1    1    84    88    89    85
59    1    1    85    89    17    18
60    1    1    34    35    90    86
61    1    1    86    90    91    87
62    1    1    87    91    92    88
63    1    1    88    92    93    89
64    1    1    89    93    16    17
65    1    1    35    36    94    90
66    1    1    90    94    95    91
67    1    1    91    95    96    92
68    1    1    92    96    97    93
69    1    1    93    97    15    16
70    1    1    36    37    98    94
71    1    1    94    98    99    95
72    1    1    95    99    100    96
73    1    1    96    100    101    97
74    1    1    97    101    14    15
75    1    1    37    5    28    98
76    1    1    98    28    29    99
77    1    1    99    29    30    100
78    1    1    100    30    31    101
79    1    1    101    31    1    14
