 0.00  1.00  1.00  0.00  6.00 46.00 27.00
 1.00  1.00  1.00 27.00 46.00 47.00 26.00
 2.00  1.00  1.00 26.00 47.00 48.00 25.00
 3.00  1.00  1.00 25.00 48.00 49.00 24.00
 4.00  1.00  1.00 24.00 49.00 45.00  4.00
 5.00  1.00  1.00  6.00  7.00 50.00 46.00
 6.00  1.00  1.00 46.00 50.00 51.00 47.00
 7.00  1.00  1.00 47.00 51.00 52.00 48.00
 8.00  1.00  1.00 48.00 52.00 53.00 49.00
 9.00  1.00  1.00 49.00 53.00 44.00 45.00
10.00  1.00  1.00  7.00  8.00 54.00 50.00
11.00  1.00  1.00 50.00 54.00 55.00 51.00
12.00  1.00  1.00 51.00 55.00 56.00 52.00
13.00  1.00  1.00 52.00 56.00 57.00 53.00
14.00  1.00  1.00 53.00 57.00 43.00 44.00
15.00  1.00  1.00  8.00  9.00 58.00 54.00
16.00  1.00  1.00 54.00 58.00 59.00 55.00
17.00  1.00  1.00 55.00 59.00 60.00 56.00
18.00  1.00  1.00 56.00 60.00 61.00 57.00
19.00  1.00  1.00 57.00 61.00 42.00 43.00
20.00  1.00  1.00  9.00 10.00 62.00 58.00
21.00  1.00  1.00 58.00 62.00 63.00 59.00
22.00  1.00  1.00 59.00 63.00 64.00 60.00
23.00  1.00  1.00 60.00 64.00 65.00 61.00
24.00  1.00  1.00 61.00 65.00 41.00 42.00
25.00  1.00  1.00 10.00 11.00 66.00 62.00
26.00  1.00  1.00 62.00 66.00 67.00 63.00
27.00  1.00  1.00 63.00 67.00 68.00 64.00
28.00  1.00  1.00 64.00 68.00 69.00 65.00
29.00  1.00  1.00 65.00 69.00 40.00 41.00
30.00  1.00  1.00 11.00 12.00 70.00 66.00
31.00  1.00  1.00 66.00 70.00 71.00 67.00
32.00  1.00  1.00 67.00 71.00 72.00 68.00
33.00  1.00  1.00 68.00 72.00 73.00 69.00
34.00  1.00  1.00 69.00 73.00 39.00 40.00
35.00  1.00  1.00 12.00 13.00 74.00 70.00
36.00  1.00  1.00 70.00 74.00 75.00 71.00
37.00  1.00  1.00 71.00 75.00 76.00 72.00
38.00  1.00  1.00 72.00 76.00 77.00 73.00
39.00  1.00  1.00 73.00 77.00 38.00 39.00
40.00  1.00  1.00 13.00  1.00 31.00 74.00
41.00  1.00  1.00 74.00 31.00 30.00 75.00
42.00  1.00  1.00 75.00 30.00 29.00 76.00
43.00  1.00  1.00 76.00 29.00 28.00 77.00
44.00  1.00  1.00 77.00 28.00  5.00 38.00
45.00  1.00  1.00  3.00 32.00 78.00 23.00
46.00  1.00  1.00 23.00 78.00 79.00 22.00
47.00  1.00  1.00 22.00 79.00 80.00 21.00
48.00  1.00  1.00 21.00 80.00 81.00 20.00
49.00  1.00  1.00 20.00 81.00 19.00  2.00
50.00  1.00  1.00 32.00 33.00 82.00 78.00
51.00  1.00  1.00 78.00 82.00 83.00 79.00
52.00  1.00  1.00 79.00 83.00 84.00 80.00
53.00  1.00  1.00 80.00 84.00 85.00 81.00
54.00  1.00  1.00 81.00 85.00 18.00 19.00
55.00  1.00  1.00 33.00 34.00 86.00 82.00
56.00  1.00  1.00 82.00 86.00 87.00 83.00
57.00  1.00  1.00 83.00 87.00 88.00 84.00
58.00  1.00  1.00 84.00 88.00 89.00 85.00
59.00  1.00  1.00 85.00 89.00 17.00 18.00
60.00  1.00  1.00 34.00 35.00 90.00 86.00
61.00  1.00  1.00 86.00 90.00 91.00 87.00
62.00  1.00  1.00 87.00 91.00 92.00 88.00
63.00  1.00  1.00 88.00 92.00 93.00 89.00
64.00  1.00  1.00 89.00 93.00 16.00 17.00
65.00  1.00  1.00 35.00 36.00 94.00 90.00
66.00  1.00  1.00 90.00 94.00 95.00 91.00
67.00  1.00  1.00 91.00 95.00 96.00 92.00
68.00  1.00  1.00 92.00 96.00 97.00 93.00
69.00  1.00  1.00 93.00 97.00 15.00 16.00
70.00  1.00  1.00 36.00 37.00 98.00 94.00
71.00  1.00  1.00 94.00 98.00 99.00 95.00
72.00  1.00  1.00 95.00 99.00 100.00 96.00
73.00  1.00  1.00 96.00 100.00 101.00 97.00
74.00  1.00  1.00 97.00 101.00 14.00 15.00
75.00  1.00  1.00 37.00  5.00 28.00 98.00
76.00  1.00  1.00 98.00 28.00 29.00 99.00
77.00  1.00  1.00 99.00 29.00 30.00 100.00
78.00  1.00  1.00 100.00 30.00 31.00 101.00
79.00  1.00  1.00 101.00 31.00  1.00 14.00
