 0.00  0.00  3.25 -1.00  0.00
 1.00  6.38  3.25 -1.00  0.00
 2.00  6.38  0.00 -1.00 -1.00
 3.00  5.33  0.00  0.00 -1.00
 4.00  0.00  2.00 -1.00  0.00
 5.00  4.04  0.92  0.00  0.00
 6.00  0.71  3.25  0.00  0.00
 7.00  1.42  3.25  0.00  0.00
 8.00  2.12  3.25  0.00  0.00
 9.00  2.83  3.25  0.00  0.00
10.00  3.54  3.25  0.00  0.00
11.00  4.25  3.25  0.00  0.00
12.00  4.96  3.25  0.00  0.00
13.00  5.67  3.25  0.00  0.00
14.00  6.38  2.79 -1.00  0.00
15.00  6.38  2.32 -1.00  0.00
16.00  6.38  1.86 -1.00  0.00
17.00  6.38  1.39 -1.00  0.00
18.00  6.38  0.93 -1.00  0.00
19.00  6.38  0.46 -1.00  0.00
20.00  6.17  0.00  0.00 -1.00
21.00  5.96  0.00  0.00 -1.00
22.00  5.75  0.00  0.00 -1.00
23.00  5.54  0.00  0.00 -1.00
24.00  0.00  2.25 -1.00  0.00
25.00  0.00  2.50 -1.00  0.00
26.00  0.00  2.75 -1.00  0.00
27.00  0.00  3.00 -1.00  0.00
28.00  4.51  1.38  0.00  0.00
29.00  4.98  1.85  0.00  0.00
30.00  5.44  2.32  0.00  0.00
31.00  5.91  2.78  0.00  0.00
32.00  5.15  0.15  0.00  0.00
33.00  4.98  0.29  0.00  0.00
34.00  4.80  0.42  0.00  0.00
35.00  4.62  0.55  0.00  0.00
36.00  4.43  0.68  0.00  0.00
37.00  4.24  0.80  0.00  0.00
38.00  3.63  1.14  0.00  0.00
39.00  3.20  1.34  0.00  0.00
40.00  2.77  1.51  0.00  0.00
41.00  2.32  1.66  0.00  0.00
42.00  1.87  1.78  0.00  0.00
43.00  1.40  1.88  0.00  0.00
44.00  0.94  1.95  0.00  0.00
45.00  0.47  1.99  0.00  0.00
46.00  0.66  3.00  0.00  0.00
47.00  0.61  2.74  0.00  0.00
48.00  0.57  2.49  0.00  0.00
49.00  0.52  2.24  0.00  0.00
50.00  1.32  2.99  0.00  0.00
51.00  1.23  2.73  0.00  0.00
52.00  1.13  2.47  0.00  0.00
53.00  1.03  2.21  0.00  0.00
54.00  1.98  2.98  0.00  0.00
55.00  1.84  2.70  0.00  0.00
56.00  1.69  2.43  0.00  0.00
57.00  1.55  2.15  0.00  0.00
58.00  2.64  2.96  0.00  0.00
59.00  2.45  2.66  0.00  0.00
60.00  2.25  2.37  0.00  0.00
61.00  2.06  2.08  0.00  0.00
62.00  3.30  2.93  0.00  0.00
63.00  3.05  2.61  0.00  0.00
64.00  2.81  2.30  0.00  0.00
65.00  2.56  1.98  0.00  0.00
66.00  3.95  2.90  0.00  0.00
67.00  3.66  2.55  0.00  0.00
68.00  3.36  2.21  0.00  0.00
69.00  3.06  1.86  0.00  0.00
70.00  4.61  2.87  0.00  0.00
71.00  4.26  2.49  0.00  0.00
72.00  3.91  2.10  0.00  0.00
73.00  3.55  1.72  0.00  0.00
74.00  5.26  2.83  0.00  0.00
75.00  4.85  2.41  0.00  0.00
76.00  4.44  1.98  0.00  0.00
77.00  4.04  1.56  0.00  0.00
78.00  5.40  0.21  0.00  0.00
79.00  5.64  0.27  0.00  0.00
80.00  5.89  0.34  0.00  0.00
81.00  6.13  0.40  0.00  0.00
82.00  5.26  0.42  0.00  0.00
83.00  5.54  0.54  0.00  0.00
84.00  5.82  0.67  0.00  0.00
85.00  6.10  0.80  0.00  0.00
86.00  5.11  0.62  0.00  0.00
87.00  5.43  0.81  0.00  0.00
88.00  5.74  1.00  0.00  0.00
89.00  6.06  1.20  0.00  0.00
90.00  4.97  0.81  0.00  0.00
91.00  5.32  1.08  0.00  0.00
92.00  5.67  1.34  0.00  0.00
93.00  6.02  1.60  0.00  0.00
94.00  4.82  1.01  0.00  0.00
95.00  5.21  1.34  0.00  0.00
96.00  5.60  1.66  0.00  0.00
97.00  5.99  1.99  0.00  0.00
98.00  4.67  1.20  0.00  0.00
99.00  5.09  1.59  0.00  0.00
100.00  5.52  1.99  0.00  0.00
101.00  5.95  2.39  0.00  0.00
