0    0.000000    3.250000    -1    0
1    6.375000    3.250000    -1    0
2    6.375000    0.000000    -1    -1
3    5.325000    0.000000    0    -1
4    0.000000    2.000000    -1    0
5    4.044455    0.916292    0    0
6    0.708333    3.250000    0    0
7    1.416667    3.250000    0    0
8    2.125000    3.250000    0    0
9    2.833333    3.250000    0    0
10   3.541667    3.250000    0    0
11   4.250000    3.250000    0    0
12   4.958333    3.250000    0    0
13   5.666667    3.250000    0    0
14   6.375000    2.785714    -1    0
15   6.375000    2.321429    -1    0
16   6.375000    1.857143    -1    0
17   6.375000    1.392857    -1    0
18   6.375000    0.928571    -1    0
19   6.375000    0.464286    -1    0
20   6.165000    0.000000    0    -1
21   5.955000    0.000000    0    -1
22   5.745000    0.000000    0    -1
23   5.535000    0.000000    0    -1
24   0.000000    2.250000    -1    0
25   0.000000    2.500000    -1    0
26   0.000000    2.750000    -1    0
27   0.000000    3.000000    -1    0
28   4.510564    1.383033    0    0
29   4.976673    1.849775    0    0
30   5.442782    2.316517    0    0
31   5.908891    2.783258    0    0
32   5.153362    0.145936    0    0
33   4.977726    0.287036    0    0
34   4.798229    0.423190    0    0
35   4.615010    0.554292    0    0
36   4.428211    0.680240    0    0
37   4.237977    0.800938    0    0
38   3.630296    1.139604    0    0
39   3.203854    1.338457    0    0
40   2.766570    1.512179    0    0
41   2.319926    1.660181    0    0
42   1.865431    1.781962    0    0
43   1.404624    1.877111    0    0
44   0.939065    1.945306    0    0
45   0.470328    1.986315    0    0
46   0.660732    2.997263    0    0
47   0.613131    2.744526    0    0
48   0.565530    2.491789    0    0
49   0.517929    2.239052    0    0
50   1.321146    2.989061    0    0
51   1.225626    2.728122    0    0
52   1.130106    2.467183    0    0
53   1.034585    2.206245    0    0
54   1.980925    2.975422    0    0
55   1.836850    2.700845    0    0
56   1.692775    2.426267    0    0
57   1.548700    2.151689    0    0
58   2.639753    2.956392    0    0
59   2.446172    2.662785    0    0
60   2.252592    2.369177    0    0
61   2.059011    2.075570    0    0
62   3.297318    2.932036    0    0
63   3.052970    2.614072    0    0
64   2.808622    2.296109    0    0
65   2.564274    1.978145    0    0
66   3.953314    2.902436    0    0
67   3.656628    2.554872    0    0
68   3.359942    2.207307    0    0
69   3.063256    1.859743    0    0
70   4.607437    2.867691    0    0
71   4.256541    2.485383    0    0
72   3.905645    2.103074    0    0
73   3.554750    1.720766    0    0
74   5.259393    2.827921    0    0
75   4.852118    2.405842    0    0
76   4.444844    1.983762    0    0
77   4.037570    1.561683    0    0
78   5.397690    0.209606    0    0
79   5.642017    0.273276    0    0
80   5.886345    0.336946    0    0
81   6.130672    0.400616    0    0
82   5.257181    0.415343    0    0
83   5.536636    0.543650    0    0
84   5.816091    0.671957    0    0
85   6.095545    0.800264    0    0
86   5.113584    0.617123    0    0
87   5.428938    0.811057    0    0
88   5.744292    1.004990    0    0
89   6.059646    1.198924    0    0
90   4.967008    0.814862    0    0
91   5.319006    1.075432    0    0
92   5.671004    1.336002    0    0
93   6.023002    1.596573    0    0
94   4.817569    1.008478    0    0
95   5.206927    1.336716    0    0
96   5.596284    1.664953    0    0
97   5.985642    1.993191    0    0
98   4.665381    1.197893    0    0
99   5.092786    1.594848    0    0
100  5.520191    1.991804    0    0
101  5.947595    2.388759    0    0
