0.000000000000000000e+00 3.977657585604507753e-06
0.000000000000000000e+00 2.824621494406968590e-07
0.000000000000000000e+00 0.000000000000000000e+00
-2.124282605818108295e-07 0.000000000000000000e+00
0.000000000000000000e+00 3.950682439755674161e-06
-3.912013259662978311e-07 9.351961440932778604e-07
3.564429820934589139e-07 3.749647150547637929e-06
6.145808090754464535e-07 3.265959334663702218e-06
7.523514403572325649e-07 2.633200197247128448e-06
7.760520474888940547e-07 1.981116669220914433e-06
7.105718841472257557e-07 1.395775203687921393e-06
5.817793259148612799e-07 9.216593246222996929e-07
4.100162836841470072e-07 5.768038285444425428e-07
2.126389666237203190e-07 3.669217377900033907e-07
0.000000000000000000e+00 2.395330363096962921e-07
0.000000000000000000e+00 1.984592076772857715e-07
0.000000000000000000e+00 1.591101131234078164e-07
0.000000000000000000e+00 1.191817821597551964e-07
0.000000000000000000e+00 7.732277869049487837e-08
0.000000000000000000e+00 3.614223572286489771e-08
-5.187266737175363550e-08 0.000000000000000000e+00
-1.030115969605107980e-07 0.000000000000000000e+00
-1.525951284919529360e-07 0.000000000000000000e+00
-2.014069386427317883e-07 0.000000000000000000e+00
0.000000000000000000e+00 3.968419978380503540e-06
0.000000000000000000e+00 3.977032280118742574e-06
0.000000000000000000e+00 3.981156531664930252e-06
0.000000000000000000e+00 3.982065048194739451e-06
-1.732546244156316139e-07 6.520663139459607386e-07
-1.505932799265324787e-08 4.487650492516003384e-07
7.498863629381452756e-08 3.227386847038955833e-07
8.490169657572216373e-08 2.705344287338075616e-07
-2.341965860952085114e-07 1.945593744359112346e-07
-2.503790759862910688e-07 3.341512272152946673e-07
-2.745044148758469969e-07 4.514724629125006426e-07
-3.033327535351174430e-07 5.648895931220544075e-07
-3.336719445554755846e-07 6.815931213917418289e-07
-3.633431086932824594e-07 8.046815905332159492e-07
-4.410405119438179872e-07 1.239848210475684961e-06
-4.710875278299146704e-07 1.594387453487698963e-06
-4.772150275496450204e-07 1.992706451496656708e-06
-4.577553432273311347e-07 2.421384201845864028e-06
-4.128019256568487310e-07 2.858337798243588375e-06
-3.429962912024147022e-07 3.272069897259969599e-06
-2.489893062215177292e-07 3.622240212187683433e-06
-1.324045680280796663e-07 3.862911074243013796e-06
2.193506978428634566e-07 3.792824521779132920e-06
1.156835590854385132e-07 3.823983512914918034e-06
2.943705904459602967e-08 3.846150645755117296e-06
-5.011766194380389422e-08 3.860015175529889397e-06
3.959436926204564872e-07 3.350560975830892043e-06
2.135757895647183301e-07 3.430396620958580655e-06
5.514690265086738853e-08 3.503246838747860686e-06
-9.391937855707055742e-08 3.567901544297158066e-06
4.983152299034193309e-07 2.765281865396416275e-06
2.748143854513920453e-07 2.897134724813800390e-06
7.018537505190964646e-08 3.026662295867580576e-06
-1.296675408907900265e-07 3.152167600322198910e-06
5.296018763851278883e-07 2.143427009028676009e-06
2.967384147460208400e-07 2.315117233362087330e-06
7.171691224950271776e-08 2.492329256020089165e-06
-1.580821338765042196e-07 2.673440297674799023e-06
5.012411762337062747e-07 1.564918239497636123e-06
2.847198806548507661e-07 1.754827125481483965e-06
6.083320823396305959e-08 1.961274915299236756e-06
-1.796566101031631007e-07 2.182684996208086427e-06
4.288164851594156826e-07 1.074290504667388372e-06
2.472283060688451640e-07 1.260217741487417594e-06
4.123908880428835384e-08 1.475124318309795719e-06
-1.938210326010197808e-07 1.717542859925031772e-06
3.270402288179148948e-07 6.913312778280304089e-07
1.940151015287467413e-07 8.525276166544387308e-07
1.848458980748424881e-08 1.056838145559578314e-06
-1.989553147564037286e-07 1.301921376466744816e-06
2.082318683253853830e-07 4.230645898862485096e-07
1.338861974553608743e-07 5.392127193497452364e-07
-1.610606886994323527e-09 7.145698076740551215e-07
-1.926462802126932288e-07 9.471192566486048661e-07
-1.965917006883404128e-07 7.463054219391197521e-08
-1.573836866827713426e-07 5.077285952453620916e-08
-1.056980277266073250e-07 3.889664855994457754e-08
-5.217399640812344967e-08 3.404746921518522725e-08
-1.908079754547711281e-07 1.918896383245407698e-07
-1.457125994852356919e-07 1.195677302435110162e-07
-9.431372908504747100e-08 8.760865054128337003e-08
-4.376255725711625615e-08 7.370311571811610950e-08
-1.953437147021289830e-07 2.942858227815575735e-07
-1.334200751953769045e-07 1.928070470267830749e-07
-7.803325599482908576e-08 1.380773163636401457e-07
-3.158536253025398467e-08 1.143920242523985242e-07
-2.004573295506417545e-07 3.856265328445514177e-07
-1.191748117361985366e-07 2.598529144360955183e-07
-5.642540538432449482e-08 1.857761172858454919e-07
-1.485294640455541947e-08 1.529103898486440757e-07
-2.004724539360426887e-07 4.729555771670233208e-07
-9.694967657697005171e-08 3.227973708787170028e-07
-2.575848519336605839e-08 2.308355602690690504e-07
8.748967758248865034e-09 1.898227297886387488e-07
-1.921120193858138024e-07 5.607825153925259606e-07
-6.297811834060695754e-08 3.848910950690480107e-07
1.723391542785034421e-08 2.756905695724622428e-07
4.113426103635018410e-08 2.276119888147722116e-07
