    0         1         1         0         4        16        15
    1         1         1        15        16        17        14
    2         1         1        14        17        18        13
    3         1         1        13        18        12         3
    4         1         1         4         5        19        16
    5         1         1        16        19        20        17
    6         1         1        17        20        21        18
    7         1         1        18        21        11        12
    8         1         1         5         6        22        19
    9         1         1        19        22        23        20
   10         1         1        20        23        24        21
   11         1         1        21        24        10        11
   12         1         1         6         1         7        22
   13         1         1        22         7         8        23
   14         1         1        23         8         9        24
   15         1         1        24         9         2        10
