    0       0.0000       1.5000        -1         0
    1       1.5000       0.0000         0        -1
    2       2.0000       0.0000         0        -1
    3       0.0000       2.0000        -1         0
    4       0.2347       1.4815         0         0
    5       0.4635       1.4266         0         0
    6       0.6810       1.3365         0         0
    7       0.8817       1.2135         0         0
    8       1.0607       1.0607         0         0
    9       1.2135       0.8817         0         0
   10       1.3365       0.6810         0         0
   11       1.4266       0.4635         0         0
   12       1.4815       0.2347         0         0
   13       1.7500       0.0000         0        -1
   14       1.9854       0.2411         0         0
   15       1.9419       0.4786         0         0
   16       1.8700       0.7092         0         0
   17       1.7709       0.9294         0         0
   18       1.6460       1.1361         0         0
   19       1.4970       1.3262         0         0
   20       1.3262       1.4970         0         0
   21       1.1361       1.6460         0         0
   22       0.9294       1.7709         0         0
   23       0.7092       1.8700         0         0
   24       0.4786       1.9419         0         0
   25       0.2411       1.9854         0         0
   26       0.0000       1.7500        -1         0
   27       0.8478       1.4820         0         0
   28       1.4820       0.8478         0         0
   29       1.6049       0.6648         0         0
   30       0.6648       1.6049         0         0
   31       1.1532       1.2929         0         0
   32       1.2961       1.1500         0         0
   33       0.3929       1.6582         0         0
   34       1.6582       0.3929         0         0
   35       1.7747       0.2113         0         0
   36       0.2113       1.7747         0         0
   37       1.3181       1.3166         0         0
   38       0.5654       1.7630         0         0
   39       1.7630       0.5654         0         0
   40       0.1380       1.6238         0         0
   41       1.6238       0.1380         0         0
   42       1.4842       1.0452         0         0
   43       1.0457       1.4837         0         0
