    0         1         0         0         4        64        63
    1         1         0        63        64        65        62
    2         1         0        62        65        66        61
    3         1         0        61        66        67        60
    4         1         0        60        67        68        59
    5         1         0        59        68        69        58
    6         1         0        58        69        70        57
    7         1         0        57        70        56         3
    8         1         0         4         5        71        64
    9         1         0        64        71        72        65
   10         1         0        65        72        73        66
   11         1         0        66        73        74        67
   12         1         0        67        74        75        68
   13         1         0        68        75        76        69
   14         1         0        69        76        77        70
   15         1         0        70        77        55        56
   16         1         0         5         6        78        71
   17         1         0        71        78        79        72
   18         1         0        72        79        80        73
   19         1         0        73        80        81        74
   20         1         0        74        81        82        75
   21         1         0        75        82        83        76
   22         1         0        76        83        84        77
   23         1         0        77        84        54        55
   24         1         0         6         7        85        78
   25         1         0        78        85        86        79
   26         1         0        79        86        87        80
   27         1         0        80        87        88        81
   28         1         0        81        88        89        82
   29         1         0        82        89        90        83
   30         1         0        83        90        91        84
   31         1         0        84        91        53        54
   32         1         0         7         8        92        85
   33         1         0        85        92        93        86
   34         1         0        86        93        94        87
   35         1         0        87        94        95        88
   36         1         0        88        95        96        89
   37         1         0        89        96        97        90
   38         1         0        90        97        98        91
   39         1         0        91        98        52        53
   40         1         0         8         9        99        92
   41         1         0        92        99       100        93
   42         1         0        93       100       101        94
   43         1         0        94       101       102        95
   44         1         0        95       102       103        96
   45         1         0        96       103       104        97
   46         1         0        97       104       105        98
   47         1         0        98       105        51        52
   48         1         0         9        10       106        99
   49         1         0        99       106       107       100
   50         1         0       100       107       108       101
   51         1         0       101       108       109       102
   52         1         0       102       109       110       103
   53         1         0       103       110       111       104
   54         1         0       104       111       112       105
   55         1         0       105       112        50        51
   56         1         0        10        11       113       106
   57         1         0       106       113       114       107
   58         1         0       107       114       115       108
   59         1         0       108       115       116       109
   60         1         0       109       116       117       110
   61         1         0       110       117       118       111
   62         1         0       111       118       119       112
   63         1         0       112       119        49        50
   64         1         0        11        12       120       113
   65         1         0       113       120       121       114
   66         1         0       114       121       122       115
   67         1         0       115       122       123       116
   68         1         0       116       123       124       117
   69         1         0       117       124       125       118
   70         1         0       118       125       126       119
   71         1         0       119       126        48        49
   72         1         0        12        13       127       120
   73         1         0       120       127       128       121
   74         1         0       121       128       129       122
   75         1         0       122       129       130       123
   76         1         0       123       130       131       124
   77         1         0       124       131       132       125
   78         1         0       125       132       133       126
   79         1         0       126       133        47        48
   80         1         0        13        14       134       127
   81         1         0       127       134       135       128
   82         1         0       128       135       136       129
   83         1         0       129       136       137       130
   84         1         0       130       137       138       131
   85         1         0       131       138       139       132
   86         1         0       132       139       140       133
   87         1         0       133       140        46        47
   88         1         0        14        15       141       134
   89         1         0       134       141       142       135
   90         1         0       135       142       143       136
   91         1         0       136       143       144       137
   92         1         0       137       144       145       138
   93         1         0       138       145       146       139
   94         1         0       139       146       147       140
   95         1         0       140       147        45        46
   96         1         0        15        16       148       141
   97         1         0       141       148       149       142
   98         1         0       142       149       150       143
   99         1         0       143       150       151       144
  100         1         0       144       151       152       145
  101         1         0       145       152       153       146
  102         1         0       146       153       154       147
  103         1         0       147       154        44        45
  104         1         0        16        17       155       148
  105         1         0       148       155       156       149
  106         1         0       149       156       157       150
  107         1         0       150       157       158       151
  108         1         0       151       158       159       152
  109         1         0       152       159       160       153
  110         1         0       153       160       161       154
  111         1         0       154       161        43        44
  112         1         0        17        18       162       155
  113         1         0       155       162       163       156
  114         1         0       156       163       164       157
  115         1         0       157       164       165       158
  116         1         0       158       165       166       159
  117         1         0       159       166       167       160
  118         1         0       160       167       168       161
  119         1         0       161       168        42        43
  120         1         0        18        19       169       162
  121         1         0       162       169       170       163
  122         1         0       163       170       171       164
  123         1         0       164       171       172       165
  124         1         0       165       172       173       166
  125         1         0       166       173       174       167
  126         1         0       167       174       175       168
  127         1         0       168       175        41        42
  128         1         0        19        20       176       169
  129         1         0       169       176       177       170
  130         1         0       170       177       178       171
  131         1         0       171       178       179       172
  132         1         0       172       179       180       173
  133         1         0       173       180       181       174
  134         1         0       174       181       182       175
  135         1         0       175       182        40        41
  136         1         0        20        21       183       176
  137         1         0       176       183       184       177
  138         1         0       177       184       185       178
  139         1         0       178       185       186       179
  140         1         0       179       186       187       180
  141         1         0       180       187       188       181
  142         1         0       181       188       189       182
  143         1         0       182       189        39        40
  144         1         0        21        22       190       183
  145         1         0       183       190       191       184
  146         1         0       184       191       192       185
  147         1         0       185       192       193       186
  148         1         0       186       193       194       187
  149         1         0       187       194       195       188
  150         1         0       188       195       196       189
  151         1         0       189       196        38        39
  152         1         0        22        23       197       190
  153         1         0       190       197       198       191
  154         1         0       191       198       199       192
  155         1         0       192       199       200       193
  156         1         0       193       200       201       194
  157         1         0       194       201       202       195
  158         1         0       195       202       203       196
  159         1         0       196       203        37        38
  160         1         0        23        24       204       197
  161         1         0       197       204       205       198
  162         1         0       198       205       206       199
  163         1         0       199       206       207       200
  164         1         0       200       207       208       201
  165         1         0       201       208       209       202
  166         1         0       202       209       210       203
  167         1         0       203       210        36        37
  168         1         0        24        25       211       204
  169         1         0       204       211       212       205
  170         1         0       205       212       213       206
  171         1         0       206       213       214       207
  172         1         0       207       214       215       208
  173         1         0       208       215       216       209
  174         1         0       209       216       217       210
  175         1         0       210       217        35        36
  176         1         0        25        26       218       211
  177         1         0       211       218       219       212
  178         1         0       212       219       220       213
  179         1         0       213       220       221       214
  180         1         0       214       221       222       215
  181         1         0       215       222       223       216
  182         1         0       216       223       224       217
  183         1         0       217       224        34        35
  184         1         0        26         1        27       218
  185         1         0       218        27        28       219
  186         1         0       219        28        29       220
  187         1         0       220        29        30       221
  188         1         0       221        30        31       222
  189         1         0       222        31        32       223
  190         1         0       223        32        33       224
  191         1         0       224        33         2        34
