    0              0.000000             -4.000000              0              0
    1             24.000000             -4.000000             -1              0
    2             24.000000              4.000000             -1              0
    3              0.000000              4.000000              0              0
    4              1.000000             -4.000000              0              0
    5              2.000000             -4.000000              0              0
    6              3.000000             -4.000000              0              0
    7              4.000000             -4.000000              0              0
    8              5.000000             -4.000000              0              0
    9              6.000000             -4.000000              0              0
   10              7.000000             -4.000000              0              0
   11              8.000000             -4.000000              0              0
   12              9.000000             -4.000000              0              0
   13             10.000000             -4.000000              0              0
   14             11.000000             -4.000000              0              0
   15             12.000000             -4.000000              0              0
   16             13.000000             -4.000000              0              0
   17             14.000000             -4.000000              0              0
   18             15.000000             -4.000000              0              0
   19             16.000000             -4.000000              0              0
   20             17.000000             -4.000000              0              0
   21             18.000000             -4.000000              0              0
   22             19.000000             -4.000000              0              0
   23             20.000000             -4.000000              0              0
   24             21.000000             -4.000000              0              0
   25             22.000000             -4.000000              0              0
   26             23.000000             -4.000000              0              0
   27             24.000000             -3.000000             -1              0
   28             24.000000             -2.000000             -1              0
   29             24.000000             -1.000000             -1              0
   30             24.000000             -0.000000             -1             -1
   31             24.000000              1.000000             -1              0
   32             24.000000              2.000000             -1              0
   33             24.000000              3.000000             -1              0
   34             23.000000              4.000000              0              0
   35             22.000000              4.000000              0              0
   36             21.000000              4.000000              0              0
   37             20.000000              4.000000              0              0
   38             19.000000              4.000000              0              0
   39             18.000000              4.000000              0              0
   40             17.000000              4.000000              0              0
   41             16.000000              4.000000              0              0
   42             15.000000              4.000000              0              0
   43             14.000000              4.000000              0              0
   44             13.000000              4.000000              0              0
   45             12.000000              4.000000              0              0
   46             11.000000              4.000000              0              0
   47             10.000000              4.000000              0              0
   48              9.000000              4.000000              0              0
   49              8.000000              4.000000              0              0
   50              7.000000              4.000000              0              0
   51              6.000000              4.000000              0              0
   52              5.000000              4.000000              0              0
   53              4.000000              4.000000              0              0
   54              3.000000              4.000000              0              0
   55              2.000000              4.000000              0              0
   56              1.000000              4.000000              0              0
   57              0.000000              3.000000              0              0
   58              0.000000              2.000000              0              0
   59              0.000000              1.000000              0              0
   60              0.000000              0.000000              0              0
   61              0.000000             -1.000000              0              0
   62              0.000000             -2.000000              0              0
   63              0.000000             -3.000000              0              0
   64              1.000000             -3.000000              0              0
   65              1.000000             -2.000000              0              0
   66              1.000000             -1.000000              0              0
   67              1.000000              0.000000              0              0
   68              1.000000              1.000000              0              0
   69              1.000000              2.000000              0              0
   70              1.000000              3.000000              0              0
   71              2.000000             -3.000000              0              0
   72              2.000000             -2.000000              0              0
   73              2.000000             -1.000000              0              0
   74              2.000000              0.000000              0              0
   75              2.000000              1.000000              0              0
   76              2.000000              2.000000              0              0
   77              2.000000              3.000000              0              0
   78              3.000000             -3.000000              0              0
   79              3.000000             -2.000000              0              0
   80              3.000000             -1.000000              0              0
   81              3.000000              0.000000              0              0
   82              3.000000              1.000000              0              0
   83              3.000000              2.000000              0              0
   84              3.000000              3.000000              0              0
   85              4.000000             -3.000000              0              0
   86              4.000000             -2.000000              0              0
   87              4.000000             -1.000000              0              0
   88              4.000000              0.000000              0              0
   89              4.000000              1.000000              0              0
   90              4.000000              2.000000              0              0
   91              4.000000              3.000000              0              0
   92              5.000000             -3.000000              0              0
   93              5.000000             -2.000000              0              0
   94              5.000000             -1.000000              0              0
   95              5.000000              0.000000              0              0
   96              5.000000              1.000000              0              0
   97              5.000000              2.000000              0              0
   98              5.000000              3.000000              0              0
   99              6.000000             -3.000000              0              0
  100              6.000000             -2.000000              0              0
  101              6.000000             -1.000000              0              0
  102              6.000000              0.000000              0              0
  103              6.000000              1.000000              0              0
  104              6.000000              2.000000              0              0
  105              6.000000              3.000000              0              0
  106              7.000000             -3.000000              0              0
  107              7.000000             -2.000000              0              0
  108              7.000000             -1.000000              0              0
  109              7.000000              0.000000              0              0
  110              7.000000              1.000000              0              0
  111              7.000000              2.000000              0              0
  112              7.000000              3.000000              0              0
  113              8.000000             -3.000000              0              0
  114              8.000000             -2.000000              0              0
  115              8.000000             -1.000000              0              0
  116              8.000000              0.000000              0              0
  117              8.000000              1.000000              0              0
  118              8.000000              2.000000              0              0
  119              8.000000              3.000000              0              0
  120              9.000000             -3.000000              0              0
  121              9.000000             -2.000000              0              0
  122              9.000000             -1.000000              0              0
  123              9.000000              0.000000              0              0
  124              9.000000              1.000000              0              0
  125              9.000000              2.000000              0              0
  126              9.000000              3.000000              0              0
  127             10.000000             -3.000000              0              0
  128             10.000000             -2.000000              0              0
  129             10.000000             -1.000000              0              0
  130             10.000000              0.000000              0              0
  131             10.000000              1.000000              0              0
  132             10.000000              2.000000              0              0
  133             10.000000              3.000000              0              0
  134             11.000000             -3.000000              0              0
  135             11.000000             -2.000000              0              0
  136             11.000000             -1.000000              0              0
  137             11.000000              0.000000              0              0
  138             11.000000              1.000000              0              0
  139             11.000000              2.000000              0              0
  140             11.000000              3.000000              0              0
  141             12.000000             -3.000000              0              0
  142             12.000000             -2.000000              0              0
  143             12.000000             -1.000000              0              0
  144             12.000000              0.000000              0              0
  145             12.000000              1.000000              0              0
  146             12.000000              2.000000              0              0
  147             12.000000              3.000000              0              0
  148             13.000000             -3.000000              0              0
  149             13.000000             -2.000000              0              0
  150             13.000000             -1.000000              0              0
  151             13.000000             -0.000000              0              0
  152             13.000000              1.000000              0              0
  153             13.000000              2.000000              0              0
  154             13.000000              3.000000              0              0
  155             14.000000             -3.000000              0              0
  156             14.000000             -2.000000              0              0
  157             14.000000             -1.000000              0              0
  158             14.000000             -0.000000              0              0
  159             14.000000              1.000000              0              0
  160             14.000000              2.000000              0              0
  161             14.000000              3.000000              0              0
  162             15.000000             -3.000000              0              0
  163             15.000000             -2.000000              0              0
  164             15.000000             -1.000000              0              0
  165             15.000000             -0.000000              0              0
  166             15.000000              1.000000              0              0
  167             15.000000              2.000000              0              0
  168             15.000000              3.000000              0              0
  169             16.000000             -3.000000              0              0
  170             16.000000             -2.000000              0              0
  171             16.000000             -1.000000              0              0
  172             16.000000             -0.000000              0              0
  173             16.000000              1.000000              0              0
  174             16.000000              2.000000              0              0
  175             16.000000              3.000000              0              0
  176             17.000000             -3.000000              0              0
  177             17.000000             -2.000000              0              0
  178             17.000000             -1.000000              0              0
  179             17.000000             -0.000000              0              0
  180             17.000000              1.000000              0              0
  181             17.000000              2.000000              0              0
  182             17.000000              3.000000              0              0
  183             18.000000             -3.000000              0              0
  184             18.000000             -2.000000              0              0
  185             18.000000             -1.000000              0              0
  186             18.000000             -0.000000              0              0
  187             18.000000              1.000000              0              0
  188             18.000000              2.000000              0              0
  189             18.000000              3.000000              0              0
  190             19.000000             -3.000000              0              0
  191             19.000000             -2.000000              0              0
  192             19.000000             -1.000000              0              0
  193             19.000000             -0.000000              0              0
  194             19.000000              1.000000              0              0
  195             19.000000              2.000000              0              0
  196             19.000000              3.000000              0              0
  197             20.000000             -3.000000              0              0
  198             20.000000             -2.000000              0              0
  199             20.000000             -1.000000              0              0
  200             20.000000             -0.000000              0              0
  201             20.000000              1.000000              0              0
  202             20.000000              2.000000              0              0
  203             20.000000              3.000000              0              0
  204             21.000000             -3.000000              0              0
  205             21.000000             -2.000000              0              0
  206             21.000000             -1.000000              0              0
  207             21.000000             -0.000000              0              0
  208             21.000000              1.000000              0              0
  209             21.000000              2.000000              0              0
  210             21.000000              3.000000              0              0
  211             22.000000             -3.000000              0              0
  212             22.000000             -2.000000              0              0
  213             22.000000             -1.000000              0              0
  214             22.000000             -0.000000              0              0
  215             22.000000              1.000000              0              0
  216             22.000000              2.000000              0              0
  217             22.000000              3.000000              0              0
  218             23.000000             -3.000000              0              0
  219             23.000000             -2.000000              0              0
  220             23.000000             -1.000000              0              0
  221             23.000000             -0.000000              0              0
  222             23.000000              1.000000              0              0
  223             23.000000              2.000000              0              0
  224             23.000000              3.000000              0              0
