  0   0.0   -1.51625
  3   0.0   -1.51625
225   0.0   -1.51625
226   0.0   -1.51616
227   0.0   -1.51616
228   0.0   -1.51616
229   0.0   -1.51616
230   0.0   -1.51616
231   0.0   -1.51616
232   0.0   -1.51616
233   0.0   -1.51616
234   0.0   -1.51616
235   0.0   -1.51616
236   0.0   -1.51616
237   0.0   -1.51616
238   0.0   -1.51616
239   0.0   -1.51616
240   0.0   -1.51616
241   0.0   -1.51616
242   0.0   -1.51616
243   0.0   -1.51616
244   0.0   -1.51616
245   0.0   -1.51616
246   0.0   -1.51616
247   0.0   -1.51616
248   0.0   -1.51616
249   0.0   -1.51616
250   0.0   -1.51616
251   0.0   -1.51616
252   0.0   -1.51616
253   0.0   -1.51616
254   0.0   -1.51616
255   0.0   -1.51616