  0   0.0   -1.5625
  3   0.0   -1.5625
225   0.0   -1.5625
226   0.0   -1.5625
227   0.0   -1.5625
228   0.0   -1.5625
229   0.0   -1.5625
230   0.0   -1.5625
231   0.0   -1.5625
232   0.0   -1.5625
233   0.0   -1.5625
234   0.0   -1.5625
235   0.0   -1.5625
236   0.0   -1.5625
237   0.0   -1.5625
238   0.0   -1.5625
239   0.0   -1.5625
240   0.0   -1.5625
241   0.0   -1.5625
242   0.0   -1.5625
243   0.0   -1.5625
244   0.0   -1.5625
245   0.0   -1.5625
246   0.0   -1.5625
247   0.0   -1.5625
248   0.0   -1.5625
249   0.0   -1.5625
250   0.0   -1.5625
251   0.0   -1.5625
252   0.0   -1.5625
253   0.0   -1.5625
254   0.0   -1.5625
255   0.0   -1.5625