0 0.000000 1.000000
1 1.000000 0.000000
4 0.020667 0.999786
5 0.041325 0.999146
6 0.061965 0.998078
7 0.082579 0.996584
8 0.103158 0.994665
9 0.123693 0.992321
10 0.144174 0.989552
11 0.164595 0.986361
12 0.184944 0.982749
13 0.205215 0.978717
14 0.225399 0.974267
15 0.245485 0.969400
16 0.265468 0.964120
17 0.285336 0.958427
18 0.305083 0.952326
19 0.324699 0.945817
20 0.344177 0.938905
21 0.363508 0.931591
22 0.382683 0.923880
23 0.401695 0.915773
24 0.420536 0.907276
25 0.439197 0.898391
26 0.457670 0.889122
27 0.475947 0.879474
28 0.494022 0.869450
29 0.511885 0.859054
30 0.529530 0.848291
31 0.546948 0.837166
32 0.564133 0.825684
33 0.581077 0.813849
34 0.597772 0.801666
35 0.614213 0.789141
36 0.630391 0.776278
37 0.646299 0.763084
38 0.661932 0.749564
39 0.677282 0.735724
40 0.692342 0.721569
41 0.707107 0.707107
42 0.721569 0.692342
43 0.735724 0.677282
44 0.749564 0.661932
45 0.763084 0.646299
46 0.776278 0.630391
47 0.789141 0.614213
48 0.801666 0.597772
49 0.813849 0.581077
50 0.825684 0.564133
51 0.837166 0.546948
52 0.848291 0.529530
53 0.859054 0.511885
54 0.869450 0.494022
55 0.879474 0.475947
56 0.889122 0.457670
57 0.898391 0.439197
58 0.907276 0.420536
59 0.915773 0.401695
60 0.923880 0.382683
61 0.931591 0.363508
62 0.938905 0.344177
63 0.945817 0.324699
64 0.952326 0.305083
65 0.958427 0.285336
66 0.964120 0.265468
67 0.969400 0.245485
68 0.974267 0.225399
69 0.978717 0.205215
70 0.982749 0.184944
71 0.986361 0.164595
72 0.989552 0.144174
73 0.992321 0.123693
74 0.994665 0.103158
75 0.996584 0.082579
76 0.998078 0.061965
77 0.999146 0.041325
78 0.999786 0.020667
