    0              0.000000             -1.000000             -1             -1
    1             10.000000             -0.250000              0              0
    2             10.000000              0.250000              0              0
    3              0.000000              1.000000             -1             -1
    4              0.123457             -0.990741              0              0
    5              0.246914             -0.981481              0              0
    6              0.370370             -0.972222              0              0
    7              0.493827             -0.962963              0              0
    8              0.617284             -0.953704              0              0
    9              0.740741             -0.944444              0              0
   10              0.864198             -0.935185              0              0
   11              0.987654             -0.925926              0              0
   12              1.111111             -0.916667              0              0
   13              1.234568             -0.907407              0              0
   14              1.358025             -0.898148              0              0
   15              1.481481             -0.888889              0              0
   16              1.604938             -0.879630              0              0
   17              1.728395             -0.870370              0              0
   18              1.851852             -0.861111              0              0
   19              1.975309             -0.851852              0              0
   20              2.098765             -0.842593              0              0
   21              2.222222             -0.833333              0              0
   22              2.345679             -0.824074              0              0
   23              2.469136             -0.814815              0              0
   24              2.592593             -0.805556              0              0
   25              2.716049             -0.796296              0              0
   26              2.839506             -0.787037              0              0
   27              2.962963             -0.777778              0              0
   28              3.086420             -0.768519              0              0
   29              3.209877             -0.759259              0              0
   30              3.333333             -0.750000              0              0
   31              3.456790             -0.740741              0              0
   32              3.580247             -0.731481              0              0
   33              3.703704             -0.722222              0              0
   34              3.827160             -0.712963              0              0
   35              3.950617             -0.703704              0              0
   36              4.074074             -0.694444              0              0
   37              4.197531             -0.685185              0              0
   38              4.320988             -0.675926              0              0
   39              4.444444             -0.666667              0              0
   40              4.567901             -0.657407              0              0
   41              4.691358             -0.648148              0              0
   42              4.814815             -0.638889              0              0
   43              4.938272             -0.629630              0              0
   44              5.061728             -0.620370              0              0
   45              5.185185             -0.611111              0              0
   46              5.308642             -0.601852              0              0
   47              5.432099             -0.592593              0              0
   48              5.555556             -0.583333              0              0
   49              5.679012             -0.574074              0              0
   50              5.802469             -0.564815              0              0
   51              5.925926             -0.555556              0              0
   52              6.049383             -0.546296              0              0
   53              6.172840             -0.537037              0              0
   54              6.296296             -0.527778              0              0
   55              6.419753             -0.518519              0              0
   56              6.543210             -0.509259              0              0
   57              6.666667             -0.500000              0              0
   58              6.790123             -0.490741              0              0
   59              6.913580             -0.481481              0              0
   60              7.037037             -0.472222              0              0
   61              7.160494             -0.462963              0              0
   62              7.283951             -0.453704              0              0
   63              7.407407             -0.444444              0              0
   64              7.530864             -0.435185              0              0
   65              7.654321             -0.425926              0              0
   66              7.777778             -0.416667              0              0
   67              7.901235             -0.407407              0              0
   68              8.024691             -0.398148              0              0
   69              8.148148             -0.388889              0              0
   70              8.271605             -0.379630              0              0
   71              8.395062             -0.370370              0              0
   72              8.518519             -0.361111              0              0
   73              8.641975             -0.351852              0              0
   74              8.765432             -0.342593              0              0
   75              8.888889             -0.333333              0              0
   76              9.012346             -0.324074              0              0
   77              9.135802             -0.314815              0              0
   78              9.259259             -0.305556              0              0
   79              9.382716             -0.296296              0              0
   80              9.506173             -0.287037              0              0
   81              9.629630             -0.277778              0              0
   82              9.753086             -0.268519              0              0
   83              9.876543             -0.259259              0              0
   84             10.000000             -0.125000              0              0
   85             10.000000             -0.000000              0              0
   86             10.000000              0.125000              0              0
   87              9.876543              0.259259              0              0
   88              9.753086              0.268519              0              0
   89              9.629630              0.277778              0              0
   90              9.506173              0.287037              0              0
   91              9.382716              0.296296              0              0
   92              9.259259              0.305556              0              0
   93              9.135802              0.314815              0              0
   94              9.012346              0.324074              0              0
   95              8.888889              0.333333              0              0
   96              8.765432              0.342593              0              0
   97              8.641975              0.351852              0              0
   98              8.518519              0.361111              0              0
   99              8.395062              0.370370              0              0
  100              8.271605              0.379630              0              0
  101              8.148148              0.388889              0              0
  102              8.024691              0.398148              0              0
  103              7.901235              0.407407              0              0
  104              7.777778              0.416667              0              0
  105              7.654321              0.425926              0              0
  106              7.530864              0.435185              0              0
  107              7.407407              0.444444              0              0
  108              7.283951              0.453704              0              0
  109              7.160494              0.462963              0              0
  110              7.037037              0.472222              0              0
  111              6.913580              0.481481              0              0
  112              6.790123              0.490741              0              0
  113              6.666667              0.500000              0              0
  114              6.543210              0.509259              0              0
  115              6.419753              0.518519              0              0
  116              6.296296              0.527778              0              0
  117              6.172840              0.537037              0              0
  118              6.049383              0.546296              0              0
  119              5.925926              0.555556              0              0
  120              5.802469              0.564815              0              0
  121              5.679012              0.574074              0              0
  122              5.555556              0.583333              0              0
  123              5.432099              0.592593              0              0
  124              5.308642              0.601852              0              0
  125              5.185185              0.611111              0              0
  126              5.061728              0.620370              0              0
  127              4.938272              0.629630              0              0
  128              4.814815              0.638889              0              0
  129              4.691358              0.648148              0              0
  130              4.567901              0.657407              0              0
  131              4.444444              0.666667              0              0
  132              4.320988              0.675926              0              0
  133              4.197531              0.685185              0              0
  134              4.074074              0.694444              0              0
  135              3.950617              0.703704              0              0
  136              3.827160              0.712963              0              0
  137              3.703704              0.722222              0              0
  138              3.580247              0.731481              0              0
  139              3.456790              0.740741              0              0
  140              3.333333              0.750000              0              0
  141              3.209877              0.759259              0              0
  142              3.086420              0.768519              0              0
  143              2.962963              0.777778              0              0
  144              2.839506              0.787037              0              0
  145              2.716049              0.796296              0              0
  146              2.592593              0.805556              0              0
  147              2.469136              0.814815              0              0
  148              2.345679              0.824074              0              0
  149              2.222222              0.833333              0              0
  150              2.098765              0.842593              0              0
  151              1.975309              0.851852              0              0
  152              1.851852              0.861111              0              0
  153              1.728395              0.870370              0              0
  154              1.604938              0.879630              0              0
  155              1.481481              0.888889              0              0
  156              1.358025              0.898148              0              0
  157              1.234568              0.907407              0              0
  158              1.111111              0.916667              0              0
  159              0.987654              0.925926              0              0
  160              0.864198              0.935185              0              0
  161              0.740741              0.944444              0              0
  162              0.617284              0.953704              0              0
  163              0.493827              0.962963              0              0
  164              0.370370              0.972222              0              0
  165              0.246914              0.981481              0              0
  166              0.123457              0.990741              0              0
  167              0.000000              0.875000             -1             -1
  168              0.000000              0.750000             -1             -1
  169              0.000000              0.625000             -1             -1
  170              0.000000              0.500000             -1             -1
  171              0.000000              0.375000             -1             -1
  172              0.000000              0.250000             -1             -1
  173              0.000000              0.125000             -1             -1
  174              0.000000              0.000000             -1             -1
  175              0.000000             -0.125000             -1             -1
  176              0.000000             -0.250000             -1             -1
  177              0.000000             -0.375000             -1             -1
  178              0.000000             -0.500000             -1             -1
  179              0.000000             -0.625000             -1             -1
  180              0.000000             -0.750000             -1             -1
  181              0.000000             -0.875000             -1             -1
  182              0.964104             -0.013575              0              0
  183              1.841459             -0.000000              0              0
  184              2.647956             -0.032221              0              0
  185              3.393031             -0.029666              0              0
  186              4.081479              0.002197              0              0
  187              4.717464              0.013750              0              0
  188              5.320895              0.002296              0              0
  189              0.567097              0.388666              0              0
  190              0.567097             -0.388666              0              0
  191              5.883676             -0.005626              0              0
  192              1.410872             -0.342959              0              0
  193              1.410872              0.342959              0              0
  194              6.432811             -0.010420              0              0
  195              2.241360             -0.320934              0              0
  196              2.241360              0.320934              0              0
  197              6.924545             -0.020606              0              0
  198              3.038137             -0.299282              0              0
  199              3.052217              0.309292              0              0
  200              3.751399              0.285155              0              0
  201              3.751399             -0.285155              0              0
  202              7.436150             -0.000000              0              0
  203              1.010471             -0.482415              0              0
  204              0.985139              0.485937              0              0
  205              1.811955             -0.447100              0              0
  206              1.811955              0.447100              0              0
  207              0.424984             -0.004119              0              0
  208              4.409309              0.261923              0              0
  209              4.418666             -0.266354              0              0
  210              7.847134              0.000000              0              0
  211              2.642691             -0.402200              0              0
  212              2.642691              0.402200              0              0
  213              5.026690              0.237170              0              0
  214              5.031550             -0.246400              0              0
  215              8.229132              0.000000              0              0
  216              3.387755             -0.373485              0              0
  217              3.387755              0.373485              0              0
  218              5.612033              0.231828              0              0
  219              5.610410             -0.219863              0              0
  220              8.580695              0.000000              0              0
  221              1.489584             -0.000000              0              0
  222              4.073061             -0.348615              0              0
  223              4.073061              0.348615              0              0
  224              6.184255              0.197501              0              0
  225              6.164952             -0.196629              0              0
  226              0.338468              0.640894              0              0
  227              0.338468             -0.640894              0              0
  228              8.933849              0.000333              0              0
  229              2.326455              0.004761              0              0
  230              4.720254              0.327631              0              0
  231              4.720254             -0.327631              0              0
  232              6.697866              0.176109              0              0
  233              6.685683             -0.186098              0              0
  234              9.298418              0.000000              0              0
  235              3.093233              0.004336              0              0
  236              0.695558              0.115096              0              0
  237              0.750068              0.625672              0              0
  238              0.734781             -0.641291              0              0
  239              1.270279             -0.608803              0              0
  240              1.270279              0.608803              0              0
  241              5.320987              0.300291              0              0
  242              5.320741             -0.303507              0              0
  243              7.211056              0.163815              0              0
  244              7.179317             -0.159787              0              0
  245              1.588362             -0.573076              0              0
  246              1.588362              0.573076              0              0
  247              0.295537              0.270305              0              0
  248              0.289181             -0.273896              0              0
  249              0.797996             -0.253694              0              0
  250              1.144933             -0.243676              0              0
  251              1.164308              0.227921              0              0
  252              2.087047             -0.562964              0              0
  253              2.087047              0.562964              0              0
  254              3.799663              0.000000              0              0
  255              9.602016              0.019709              0              0
  256              5.877324              0.276486              0              0
  257              5.876419             -0.284827              0              0
  258              1.629451             -0.209734              0              0
  259              1.667577              0.214831              0              0
  260              2.412700             -0.558773              0              0
  261              2.412700              0.558773              0              0
  262              1.992068             -0.230171              0              0
  263              1.992003              0.230187              0              0
  264              2.842727             -0.533925              0              0
  265              2.842727              0.533925              0              0
  266              4.347286             -0.000000              0              0
  267              7.625743              0.184378              0              0
  268              7.641642             -0.163581              0              0
  269              6.411921              0.254768              0              0
  270              6.416738             -0.235272              0              0
  271              2.480994              0.184149              0              0
  272              2.476895             -0.199340              0              0
  273              3.173556             -0.521587              0              0
  274              3.173556              0.521587              0              0
  275              1.225799             -0.006193              0              0
  276              2.771610             -0.217579              0              0
  277              2.771627              0.217765              0              0
  278              3.628458             -0.471265              0              0
  279              3.628458              0.471265              0              0
  280              0.914543              0.279288              0              0
  281              8.031897             -0.161155              0              0
  282              8.033748              0.138219              0              0
  283              4.964064              0.009596              0              0
  284              6.958623             -0.225451              0              0
  285              6.957226              0.242394              0              0
  286              3.882597             -0.490983              0              0
  287              3.882597              0.490983              0              0
  288              3.236608              0.171070              0              0
  289              3.232879             -0.185306              0              0
  290              0.595916             -0.169010              0              0
  291              2.073753             -0.003449              0              0
  292              3.508904              0.201788              0              0
  293              3.508904             -0.201788              0              0
  294              4.291824              0.470213              0              0
  295              4.291824             -0.470213              0              0
  296              5.550218             -0.009904              0              0
  297              8.403478             -0.128101              0              0
  298              8.403478              0.128350              0              0
  299              0.531251              0.763538              0              0
  300              0.531251             -0.763538              0              0
  301              0.949171              0.705470              0              0
  302              0.942448             -0.707025              0              0
  303              7.404250              0.221089              0              0
  304              7.412592             -0.236247              0              0
  305              3.946936             -0.149533              0              0
  306              3.941865              0.169992              0              0
  307              4.528401              0.441032              0              0
  308              4.529853             -0.439749              0              0
  309              1.787551             -0.650394              0              0
  310              1.787551              0.650394              0              0
  311              2.860184             -0.011136              0              0
  312              0.207174              0.068676              0              0
  313              9.785817              0.060981              0              0
  314              4.205394              0.178311              0              0
  315              4.221331             -0.172209              0              0
  316              8.759105             -0.118229              0              0
  317              8.759105              0.118229              0              0
  318              4.918750              0.418223              0              0
  319              4.918750             -0.418223              0              0
  320              9.135050              0.103318              0              0
  321              0.205781              0.489871              0              0
  322              0.205781             -0.489871              0              0
  323              4.530552              0.081287              0              0
  324              0.780598              0.436816              0              0
  325              9.133501             -0.104126              0              0
  326              4.593163             -0.160419              0              0
  327              6.234405             -0.000000              0              0
  328              0.503814              0.189731              0              0
  329              3.592744             -0.006353              0              0
  330              5.137648              0.404930              0              0
  331              5.135588             -0.421808              0              0
  332              7.841228              0.211192              0              0
  333              7.831013             -0.212487              0              0
  334              2.639235             -0.602871              0              0
  335              2.639235              0.602871              0              0
  336              0.790541             -0.443806              0              0
  337              0.201431              0.795494              0              0
  338              0.201431             -0.795494              0              0
  339              4.841232             -0.166835              0              0
  340              4.838577              0.170512              0              0
  341              5.510212              0.379794              0              0
  342              5.514338             -0.387923              0              0
  343              1.347174              0.148638              0              0
  344              1.362997             -0.151459              0              0
  345              1.227726             -0.416199              0              0
  346              1.227726              0.416199              0              0
  347              5.151720             -0.083745              0              0
  348              6.638983             -0.000000              0              0
  349              5.202613              0.147990              0              0
  350              0.795409             -0.061990              0              0
  351              5.718601             -0.383887              0              0
  352              5.717418              0.384968              0              0
  353              1.607488             -0.386531              0              0
  354              1.607272              0.386511              0              0
  355              6.064194             -0.368693              0              0
  356              6.064504              0.367689              0              0
  357              8.224118              0.195064              0              0
  358              8.224118             -0.195064              0              0
  359              3.381696             -0.561269              0              0
  360              3.381696              0.561269              0              0
  361              1.436489             -0.709838              0              0
  362              1.436489              0.709838              0              0
  363              5.434563             -0.155100              0              0
  364              5.439816              0.155725              0              0
  365              0.187647             -0.116542              0              0
  366              1.128089             -0.729150              0              0
  367              1.128089              0.729150              0              0
  368              2.184844              0.144370              0              0
  369              0.403972              0.444877              0              0
  370              0.391405             -0.446430              0              0
  371              2.175680             -0.154954              0              0
  372              2.237995             -0.665497              0              0
  373              2.237995              0.665497              0              0
  374              9.439462              0.116618              0              0
  375              9.439462             -0.116618              0              0
  376              5.723100              0.081269              0              0
  377              5.768573             -0.137840              0              0
  378              2.422123             -0.371540              0              0
  379              2.421816              0.371393              0              0
  380              6.262849              0.358733              0              0
  381              6.259383             -0.358818              0              0
  382              6.582037             -0.332842              0              0
  383              6.584350              0.329807              0              0
  384              6.064403              0.041115              0              0
  385              8.583272              0.181463              0              0
  386              8.583272             -0.181463              0              0
  387              7.256708             -0.000000              0              0
  388              1.665522             -0.033040              0              0
  389              0.571786              0.567518              0              0
  390              0.575178             -0.567744              0              0
  391              4.117189             -0.521402              0              0
  392              4.117189              0.521402              0              0
  393              2.073278             -0.380475              0              0
  394              2.073278              0.380475              0              0
  395              5.995613             -0.154448              0              0
  396              1.964795             -0.681185              0              0
  397              1.964795              0.681185              0              0
  398              1.415710             -0.516998              0              0
  399              1.415710              0.516998              0              0
  400              0.963319             -0.167384              0              0
  401              2.962962              0.133346              0              0
  402              3.017841              0.615887              0              0
  403              3.017841             -0.615887              0              0
  404              6.790763              0.319655              0              0
  405              6.789178             -0.327294              0              0
  406              9.718943             -0.100744              0              0
  407              8.938726              0.170148              0              0
  408              8.938726             -0.170148              0              0
  409              2.969864             -0.133582              0              0
  410              0.471498             -0.247197              0              0
  411              1.836734             -0.162606              0              0
  412              1.830317              0.169768              0              0
  413              0.368749              0.825947              0              0
  414              0.368749             -0.825947              0              0
  415              0.695657              0.282044              0              0
  416              7.626456              0.010738              0              0
  417              3.172269             -0.343221              0              0
  418              3.174102              0.344571              0              0
  419              2.467610              0.032411              0              0
  420              2.847088             -0.345148              0              0
  421              2.847052              0.345260              0              0
  422              6.535819              0.139857              0              0
  423              6.519122             -0.160973              0              0
  424              4.533717              0.251770              0              0
  425              2.232450             -0.484020              0              0
  426              2.232450              0.484020              0              0
  427              4.735257              0.492489              0              0
  428              4.735257             -0.492489              0              0
  429              7.104460              0.313085              0              0
  430              7.081461             -0.303694              0              0
  431              0.164638              0.623655              0              0
  432              0.164638             -0.623655              0              0
  433              6.829075              0.135444              0              0
  434              6.847059             -0.107388              0              0
  435              7.077431              0.050685              0              0
  436              0.824943              0.787289              0              0
  437              0.823958             -0.787275              0              0
  438              0.566747              0.013015              0              0
  439              0.860789              0.102876              0              0
  440              3.734388             -0.567763              0              0
  441              3.734388              0.567763              0              0
  442              3.706649              0.141771              0              0
  443              3.710858             -0.111981              0              0
  444              6.308340              0.136979              0              0
  445              6.338862             -0.110461              0              0
  446              1.511587              0.232586              0              0
  447              0.971520             -0.355643              0              0
  448              1.646101             -0.741404              0              0
  449              1.646101              0.741404              0              0
  450              3.887542             -0.318832              0              0
  451              3.887542              0.318832              0              0
  452              2.629851             -0.158026              0              0
  453              2.632947              0.166133              0              0
  454              1.520361             -0.215550              0              0
  455              8.084522              0.008787              0              0
  456              1.027061              0.122994              0              0
  457              3.010990             -0.453974              0              0
  458              3.010990              0.453974              0              0
  459              0.138099              0.294503              0              0
  460              0.137117             -0.308250              0              0
  461              7.263494              0.299915              0              0
  462              7.280656             -0.288080              0              0
  463              9.253653             -0.153626              0              0
  464              3.224348              0.030287              0              0
  465              5.353134             -0.489906              0              0
  466              5.353574              0.490898              0              0
  467              9.256146              0.153992              0              0
  468              3.588872             -0.329831              0              0
  469              3.588872              0.329831              0              0
  470              4.708925              0.140274              0              0
  471              1.125725             -0.600763              0              0
  472              1.120995              0.595386              0              0
  473              1.302239             -0.760540              0              0
  474              1.302239              0.760540              0              0
  475              7.047223             -0.118246              0              0
  476              5.970259              0.208348              0              0
  477              5.202574             -0.209536              0              0
  478              7.529259             -0.294370              0              0
  479              7.544780              0.282468              0              0
  480              1.125415             -0.078199              0              0
  481              2.521190              0.638424              0              0
  482              2.521190             -0.638424              0              0
  483              0.883469              0.587188              0              0
  484              1.020730              0.355649              0              0
  485              4.424589             -0.124312              0              0
  486              0.684539             -0.270516              0              0
  487              9.649286              0.111070              0              0
  488              2.760727             -0.657907              0              0
  489              2.760727              0.657907              0              0
  490              0.873591             -0.570206              0              0
  491              0.308480             -0.123579              0              0
  492              3.376234             -0.147875              0              0
  493              3.378819              0.155108              0              0
  494              1.710909             -0.523638              0              0
  495              1.710909              0.523638              0              0
  496              2.335116              0.201229              0              0
  497              1.931374             -0.536799              0              0
  498              1.931374              0.536799              0              0
  499              4.419597              0.519515              0              0
  500              4.419839             -0.519301              0              0
  501              0.372855              0.141826              0              0
  502              0.641156             -0.808248              0              0
  503              0.641156              0.808248              0              0
  504              2.345387             -0.202602              0              0
  505              5.847808              0.422032              0              0
  506              5.859691             -0.424519              0              0
  507              8.452541              0.000204              0              0
  508              9.888496             -0.075937              0              0
  509              0.430655              0.317222              0              0
  510              1.285219             -0.276462              0              0
  511              1.287045              0.289007              0              0
  512              3.731430             -0.409162              0              0
  513              3.731430              0.409162              0              0
  514              3.933026             -0.025754              0              0
  515              4.544990             -0.296340              0              0
  516              5.291441             -0.142104              0              0
  517              7.742584              0.270939              0              0
  518              7.723932             -0.282321              0              0
  519              3.272136              0.626996              0              0
  520              3.272136             -0.626996              0              0
  521              1.956042              0.049118              0              0
  522              4.273581              0.309000              0              0
  523              4.277268             -0.311474              0              0
  524              2.533363              0.513013              0              0
  525              2.533363             -0.513013              0              0
  526              9.580240             -0.143280              0              0
  527              1.955565             -0.055794              0              0
  528              2.097901             -0.678872              0              0
  529              2.097901              0.678872              0              0
  530              5.751893              0.191555              0              0
  531              4.010861             -0.562968              0              0
  532              4.010861              0.562968              0              0
  533              3.505929             -0.609600              0              0
  534              3.505929              0.609600              0              0
  535              1.776315             -0.301575              0              0
  536              1.776315              0.301575              0              0
  537              6.767079             -0.006712              0              0
  538              7.506136              0.122944              0              0
  539              7.506136             -0.122944              0              0
  540              5.871993              0.156949              0              0
  541              5.079565              0.105820              0              0
  542              1.101305             -0.365774              0              0
  543              1.593386              0.077352              0              0
  544              2.727651             -0.507912              0              0
  545              2.727651              0.507912              0              0
  546              1.149241              0.114145              0              0
  547              7.951821              0.263769              0              0
  548              7.950097             -0.267230              0              0
  549              1.945313             -0.349227              0              0
  550              1.945310              0.349227              0              0
  551              3.094972              0.186498              0              0
  552              4.236525              0.043922              0              0
  553              4.329379              0.119725              0              0
  554              4.088113             -0.155397              0              0
  555              4.075591              0.145067              0              0
  556              5.038115              0.476773              0              0
  557              5.037772             -0.479586              0              0
  558              3.096416             -0.189321              0              0
  559              6.471757             -0.381568              0              0
  560              6.473158              0.380257              0              0
  561              0.126158              0.177173              0              0
  562              7.711069              0.045856              0              0
  563              5.201576              0.277791              0              0
  564              2.122590             -0.255319              0              0
  565              2.726941              0.065704              0              0
  566              7.311776              0.119080              0              0
  567              7.357379             -0.088556              0              0
  568              2.122177              0.255529              0              0
  569              7.778093             -0.093515              0              0
  570              8.703048              0.000000              0              0
  571              6.127157             -0.061091              0              0
  572              2.577373              0.284156              0              0
  573              2.574944             -0.285701              0              0
  574              4.401194              0.389748              0              0
  575              4.403749             -0.394935              0              0
  576              2.749917             -0.077537              0              0
  577              1.218753             -0.142121              0              0
  578              4.843787              0.298991              0              0
  579              4.846785             -0.299862              0              0
  580              4.598501             -0.027438              0              0
  581              3.285812              0.474662              0              0
  582              3.285812             -0.474662              0              0
  583              1.730207              0.091977              0              0
  584              0.900786              0.393466              0              0
  585              2.385745              0.695253              0              0
  586              2.385745             -0.695253              0              0
  587              0.644608             -0.482708              0              0
  588              0.461020             -0.133549              0              0
  589              5.613086              0.464289              0              0
  590              5.613845             -0.465295              0              0
  591              7.072761              0.159552              0              0
  592              2.407985             -0.090769              0              0
  593              8.107523              0.256381              0              0
  594              8.108360             -0.260102              0              0
  595              4.632741              0.543132              0              0
  596              4.632948             -0.542948              0              0
  597              3.465969             -0.479573              0              0
  598              3.465969              0.479573              0              0
  599              5.648255             -0.097779              0              0
  600              8.325126              0.244967              0              0
  601              8.325126             -0.244931              0              0
  602              1.369049              0.023642              0              0
  603              2.742339             -0.325317              0              0
  604              2.742335              0.325376              0              0
  605              4.718106             -0.128514              0              0
  606              7.914557              0.111622              0              0
  607              7.917793             -0.107655              0              0
  608              3.816679              0.176387              0              0
  609              3.825951             -0.185657              0              0
  610              4.836727             -0.056239              0              0
  611              4.963708             -0.118936              0              0
  612              4.320691             -0.122634              0              0
  613              1.042268             -0.804360              0              0
  614              1.038887              0.804467              0              0
  615              5.230589             -0.502205              0              0
  616              5.235131              0.497140              0              0
  617              0.487120              0.630088              0              0
  618              0.481067             -0.631892              0              0
  619              5.739437             -0.260811              0              0
  620              2.906159             -0.248577              0              0
  621              0.729537             -0.160291              0              0
  622              1.568282             -0.100323              0              0
  623              2.907432              0.239918              0              0
  624              6.990103              0.356571              0              0
  625              6.978207             -0.368385              0              0
  626              4.247416             -0.588711              0              0
  627              4.247416              0.588711              0              0
  628              3.467428              0.061742              0              0
  629              3.487913             -0.072501              0              0
  630              8.692534             -0.235514              0              0
  631              8.692534              0.235514              0              0
  632              5.443579              0.279867              0              0
  633              5.472520             -0.261497              0              0
  634              0.689244              0.524954              0              0
  635              3.969567             -0.421388              0              0
  636              3.969567              0.421388              0              0
  637              5.026725              0.359909              0              0
  638              5.030058             -0.366104              0              0
  639              1.520653             -0.784621              0              0
  640              1.520653              0.784621              0              0
  641              3.326156              0.263916              0              0
  642              3.324125             -0.265345              0              0
  643              2.913131             -0.660988              0              0
  644              2.913131              0.660988              0              0
  645              8.150546              0.095577              0              0
  646              8.141083             -0.110641              0              0
  647              9.177173             -0.002257              0              0
  648              8.474286              0.238871              0              0
  649              8.474286             -0.238842              0              0
  650              2.533450             -0.062273              0              0
  651              2.055835             -0.132202              0              0
  652              6.685667             -0.379809              0              0
  653              6.681668              0.377915              0              0
  654              5.198846              0.027191              0              0
  655              1.119854              0.452661              0              0
  656              6.276951             -0.233642              0              0
  657              3.166838             -0.084557              0              0
  658              8.835821              0.221675              0              0
  659              8.835821             -0.221675              0              0
  660              2.063541              0.123151              0              0
  661              9.065802             -0.000088              0              0
  662              3.123829              0.649069              0              0
  663              3.123829             -0.649069              0              0
  664              9.048824              0.210958              0              0
  665              4.851166             -0.526751              0              0
  666              4.851166              0.526751              0              0
  667              3.854055             -0.597502              0              0
  668              3.854055              0.597502              0              0
  669              0.121461             -0.013772              0              0
  670              5.983596             -0.448100              0              0
  671              5.986375              0.448932              0              0
  672              9.879151              0.137766              0              0
  673              9.543013              0.174985              0              0
  674              0.785432              0.189967              0              0
  675              3.479704             -0.304135              0              0
  676              3.479704              0.304135              0              0
  677              6.162517              0.414308              0              0
  678              6.162196             -0.414401              0              0
  679              5.320160              0.185845              0              0
  680              5.438538             -0.031812              0              0
  681              5.555314              0.112479              0              0
  682              2.196133              0.028274              0              0
  683              1.243213              0.163648              0              0
  684              4.944209              0.130387              0              0
  685              8.286598              0.105225              0              0
  686              8.288649             -0.104255              0              0
  687              0.297359             -0.013140              0              0
  688              9.047545             -0.210651              0              0
  689              9.412539              0.005046              0              0
  690              5.609929              0.342247              0              0
  691              5.610440             -0.333417              0              0
  692              4.652341              0.421624              0              0
  693              4.675366             -0.422362              0              0
  694              0.113990              0.860172              0              0
  695              0.113990             -0.860172              0              0
  696              3.639800             -0.625872              0              0
  697              3.639800              0.625872              0              0
  698              1.890735             -0.742015              0              0
  699              1.890735              0.742015              0              0
  700              0.306365              0.399707              0              0
  701              0.298040             -0.397814              0              0
  702              1.722918             -0.400977              0              0
  703              1.722829              0.400939              0              0
  704              3.635620              0.231576              0              0
  705              3.637833             -0.231220              0              0
  706              0.675728             -0.057094              0              0
  707              0.547629             -0.862482              0              0
  708              0.547629              0.862482              0              0
  709              2.378371              0.101200              0              0
  710              4.171889             -0.410014              0              0
  711              4.171362              0.409661              0              0
  712              7.442170             -0.343989              0              0
  713              7.446826              0.329399              0              0
  714              1.004741             -0.602860              0              0
  715              0.999031              0.610100              0              0
  716              0.279864              0.869405              0              0
  717              0.279864             -0.869405              0              0
  718              0.106084             -0.197621              0              0
  719              0.932105             -0.831954              0              0
  720              0.932971              0.831668              0              0
  721              5.884327             -0.114305              0              0
  722              6.055343             -0.251168              0              0
  723              8.512441              0.089853              0              0
  724              8.512441             -0.089853              0              0
  725              2.851547             -0.137682              0              0
  726              3.285549             -0.057827              0              0
  727              4.473425             -0.014874              0              0
  728              5.768998             -0.030173              0              0
  729              0.905935             -0.078795              0              0
  730              6.348736             -0.425057              0              0
  731              6.348736              0.425057              0              0
  732              0.619116              0.198477              0              0
  733              0.108363             -0.431770              0              0
  734              0.108527              0.429479              0              0
  735              4.157954             -0.052220              0              0
  736              0.626607              0.666662              0              0
  737              0.623635             -0.669910              0              0
  738              4.022887              0.260883              0              0
  739              4.024981             -0.259677              0              0
  740              1.527019             -0.483428              0              0
  741              1.527019              0.483428              0              0
  742              1.340516             -0.432635              0              0
  743              1.344803              0.428078              0              0
  744              2.866566              0.110843              0              0
  745              6.433844              0.118546              0              0
  746              0.467911             -0.362745              0              0
  747              1.472014              0.128590              0              0
  748              0.799225              0.325681              0              0
  749              0.309694              0.525919              0              0
  750              0.311852             -0.524201              0              0
  751              6.950448              0.101857              0              0
  752              3.877648              0.079762              0              0
  753              7.962841              0.007116              0              0
  754              9.801593             -0.156912              0              0
  755              8.650152              0.091535              0              0
  756              8.650152             -0.091535              0              0
  757              1.834423             -0.541635              0              0
  758              1.834423              0.541635              0              0
  759              2.343590             -0.453871              0              0
  760              2.343523              0.453933              0              0
  761              2.980938              0.013461              0              0
  762              4.152395             -0.278803              0              0
  763              4.149439              0.278306              0              0
  764              8.868577              0.094289              0              0
  765              8.871489             -0.095575              0              0
  766              0.107935              0.720207              0              0
  767              0.107935             -0.720207              0              0
  768              9.167016              0.217728              0              0
  769              4.492387              0.338058              0              0
  770              9.165952             -0.217755              0              0
  771              6.297070              0.254616              0              0
  772              4.445833              0.168378              0              0
  773              6.164952              0.086048              0              0
  774              1.765461             -0.080262              0              0
  775              4.795091             -0.410494              0              0
  776              4.800043              0.403975              0              0
  777              6.166010              0.308127              0              0
  778              6.163837             -0.303892              0              0
  779              5.525751             -0.129326              0              0
  780              4.518617              0.565551              0              0
  781              4.518997             -0.565215              0              0
  782              9.690931              0.006252              0              0
  783              7.146686             -0.039816              0              0
  784              7.836811             -0.317222              0              0
  785              7.842929              0.313995              0              0
  786              0.503308              0.487391              0              0
  787              0.504062             -0.491383              0              0
  788              0.491885              0.086468              0              0
  789              2.519192              0.397201              0              0
  790              2.518537             -0.394893              0              0
  791              0.903422             -0.429973              0              0
  792              1.761248             -0.752886              0              0
  793              1.761248              0.752886              0              0
  794              0.239971              0.171495              0              0
  795              0.837909             -0.678442              0              0
  796              9.359361             -0.190451              0              0
  797              0.842775              0.680170              0              0
  798              0.762766             -0.338324              0              0
  799              6.338673              0.032267              0              0
  800              6.229268             -0.114828              0              0
  801              5.250754             -0.387098              0              0
  802              5.268564              0.389218              0              0
  803              6.719158              0.078772              0              0
  804              6.724099             -0.101907              0              0
  805              9.763001              0.160207              0              0
  806              5.999679             -0.052280              0              0
  807              5.487168             -0.499178              0              0
  808              5.480827              0.485510              0              0
  809              3.140925              0.092491              0              0
  810              9.360470              0.190470              0              0
  811              4.663377             -0.247074              0              0
  812              5.956153              0.078779              0              0
  813              0.673523              0.388578              0              0
  814              7.277813             -0.187681              0              0
  815              3.587650             -0.124768              0              0
  816              3.595349              0.109485              0              0
  817              9.892397              0.033135              0              0
  818              1.589403              0.284477              0              0
  819              0.572157             -0.292088              0              0
  820              4.820895              0.063978              0              0
  821              1.588672             -0.286874              0              0
  822              5.073492             -0.024997              0              0
  823              4.009386              0.054117              0              0
  824              1.208914             -0.521358              0              0
  825              1.208914              0.521358              0              0
  826              1.480057             -0.597646              0              0
  827              1.480057              0.597646              0              0
  828              1.679642             -0.636353              0              0
  829              1.679642              0.636353              0              0
  830              5.131562              0.522065              0              0
  831              5.130173             -0.527016              0              0
  832              0.300234              0.746916              0              0
  833              0.300234             -0.746916              0              0
  834              2.636708             -0.711432              0              0
  835              2.636708              0.711432              0              0
  836              6.594942             -0.224520              0              0
  837              6.518409              0.242977              0              0
  838              0.557897              0.289699              0              0
  839              7.748123              0.161439              0              0
  840              1.447318             -0.102714              0              0
  841              2.262875             -0.100357              0              0
  842              1.029200             -0.258659              0              0
  843              1.867963             -0.253328              0              0
  844              1.867077              0.254226              0              0
  845              4.755994              0.231126              0              0
  846              8.334263              0.001461              0              0
  847              0.095756             -0.534059              0              0
  848              0.095789              0.533601              0              0
  849              3.697862              0.037081              0              0
  850              1.415110             -0.809374              0              0
  851              1.415110              0.809374              0              0
  852              2.011177             -0.477243              0              0
  853              2.011176              0.477243              0              0
  854              6.527059             -0.052594              0              0
  855              4.925774             -0.227655              0              0
  856              4.922375              0.229552              0              0
  857              4.498275             -0.200085              0              0
  858              1.149825              0.336009              0              0
  859              5.733210              0.484180              0              0
  860              5.734568             -0.485399              0              0
  861              7.092073             -0.205541              0              0
  862              2.174991             -0.400591              0              0
  863              2.174991              0.400591              0              0
  864              2.016864             -0.759767              0              0
  865              2.016864              0.759767              0              0
  866              8.215304              0.292986              0              0
  867              8.215471             -0.293723              0              0
  868              5.070865             -0.140279              0              0
  869              3.272318              0.368578              0              0
  870              3.271576             -0.367240              0              0
  871              1.169627              0.815431              0              0
  872              1.171210             -0.809652              0              0
  873              9.009522              0.095380              0              0
  874              5.130105             -0.326189              0              0
  875              1.064907              0.019806              0              0
  876              0.763983              0.046690              0              0
  877              0.747861             -0.539247              0              0
  878              2.573332              0.070320              0              0
  879              6.858909              0.228342              0              0
  880              6.795489             -0.219677              0              0
  881              6.955121             -0.100255              0              0
  882              3.107439             -0.419566              0              0
  883              3.107439              0.419566              0              0
  884              2.275470              0.753376              0              0
  885              2.275470             -0.753376              0              0
  886              7.200717             -0.362835              0              0
  887              7.191806              0.365589              0              0
  888              1.371317             -0.624284              0              0
  889              1.371317              0.624284              0              0
  890              9.003836             -0.094095              0              0
  891              3.850520             -0.089196              0              0
  892              0.206360             -0.207696              0              0
  893              6.441607             -0.106058              0              0
  894              1.412079              0.243176              0              0
  895              5.399776             -0.388185              0              0
  896              5.651787              0.023116              0              0
  897              1.422804             -0.239445              0              0
  898              5.960741             -0.342965              0              0
  899              5.957108              0.347750              0              0
  900              0.447816              0.872793              0              0
  901              0.447816             -0.872793              0              0
  902              2.407071              0.272962              0              0
  903              9.338817              0.090121              0              0
  904              7.338992              0.353761              0              0
  905              7.344267             -0.365837              0              0
  906              2.295255             -0.565693              0              0
  907              2.295255              0.565693              0              0
  908              9.340088             -0.089454              0              0
  909              2.409550             -0.276326              0              0
  910              1.312211             -0.065061              0              0
  911              3.389581             -0.662161              0              0
  912              3.389581              0.662161              0              0
  913              0.091318              0.079612              0              0
  914              9.685892             -0.182115              0              0
  915              9.909218             -0.166515              0              0
  916              1.126818             -0.478237              0              0
  917              5.472370              0.061657              0              0
  918              5.284096              0.089024              0              0
  919              8.817437             -0.000081              0              0
  920              5.780256              0.313676              0              0
  921              1.189795             -0.325528              0              0
  922              4.632075              0.069942              0              0
  923              2.778832             -0.418734              0              0
  924              2.778830              0.418744              0              0
  925              2.635735             -0.506499              0              0
  926              2.635735              0.506499              0              0
  927              0.408512              0.545834              0              0
  928              0.403312             -0.553100              0              0
  929              2.183089             -0.571733              0              0
  930              2.183089              0.571733              0              0
  931              7.413443              0.106630              0              0
  932              1.510058             -0.347524              0              0
  933              1.509946              0.347938              0              0
  934              0.870968              0.006243              0              0
  935              6.863480              0.392947              0              0
  936              6.867381             -0.392998              0              0
  937              2.277450              0.110795              0              0
  938              5.123226              0.206961              0              0
  939              6.686963              0.273482              0              0
  940              0.851937             -0.161306              0              0
  941              2.673412              0.255111              0              0
  942              2.673123             -0.254757              0              0
  943              8.577273             -0.277593              0              0
  944              8.577273              0.277595              0              0
  945              7.817235              0.098908              0              0
  946              1.558551             -0.673823              0              0
  947              1.558551              0.673823              0              0
  948              7.646012              0.335927              0              0
  949              7.630788             -0.320234              0              0
  950              2.444529             -0.461245              0              0
  951              2.444558              0.461471              0              0
  952              6.688833             -0.278373              0              0
  953              3.062178             -0.083304              0              0
  954              2.942751             -0.361977              0              0
  955              2.944940              0.362186              0              0
  956              4.766067             -0.236212              0              0
  957              5.803960             -0.340709              0              0
  958              6.589811              0.419447              0              0
  959              6.589868             -0.420696              0              0
  960              0.587986              0.105502              0              0
  961              5.355529             -0.212336              0              0
  962              5.396290              0.387596              0              0
  963              3.828479              0.397044              0              0
  964              3.828479             -0.397044              0              0
  965              7.187847              0.068543              0              0
  966              7.644962             -0.078502              0              0
  967              0.400715              0.229771              0              0
  968              1.044965             -0.690997              0              0
  969              1.044965              0.690997              0              0
  970              0.726776             -0.738071              0              0
  971              0.734584              0.736997              0              0
  972              1.212450             -0.695128              0              0
  973              1.214241              0.694059              0              0
  974              0.793960              0.531101              0              0
  975              5.514411              0.214026              0              0
  976              1.305744             -0.520046              0              0
  977              1.306458              0.519287              0              0
  978              1.046805              0.239815              0              0
  979              0.412273              0.746696              0              0
  980              0.419206             -0.741988              0              0
  981              0.380145             -0.220921              0              0
  982              1.684663              0.304046              0              0
  983              0.600992              0.471421              0              0
  984              4.133239              0.610106              0              0
  985              4.133239             -0.610106              0              0
  986              0.668187             -0.372200              0              0
  987              3.325576              0.062482              0              0
  988              1.679848             -0.300210              0              0
  989              4.321136             -0.215776              0              0
  990              1.628885             -0.477158              0              0
  991              1.628841              0.477150              0              0
  992              5.649208              0.132327              0              0
  993              0.859639             -0.341867              0              0
  994              9.526267              0.073730              0              0
  995              9.498113             -0.191925              0              0
  996              2.485661              0.306047              0              0
  997              1.891013             -0.625550              0              0
  998              1.891013              0.625550              0              0
  999              6.354713             -0.326871              0              0
 1000              6.617502              0.103174              0              0
 1001              6.082750             -0.460439              0              0
 1002              6.083238              0.460401              0              0
 1003              7.251440             -0.094971              0              0
 1004              2.483371             -0.307216              0              0
 1005              5.691865              0.293121              0              0
 1006              6.615266             -0.113206              0              0
 1007              2.243319              0.226550              0              0
 1008              0.912269             -0.256425              0              0
 1009              6.357816              0.333486              0              0
 1010              3.982154             -0.342685              0              0
 1011              3.981964              0.342795              0              0
 1012              6.251822              0.444283              0              0
 1013              6.251822             -0.444283              0              0
 1014              5.935270             -0.224228              0              0
 1015              0.090482             -0.101052              0              0
 1016              2.241491             -0.226785              0              0
 1017              6.069121              0.145848              0              0
 1018              1.286306              0.077751              0              0
 1019              1.443620             -0.425757              0              0
 1020              1.441670              0.423880              0              0
 1021              7.729353             -0.185589              0              0
 1022              4.598781              0.338651              0              0
 1023              4.954134             -0.536078              0              0
 1024              4.954152              0.535932              0              0
 1025              9.446367              0.213081              0              0
 1026              3.513103             -0.388142              0              0
 1027              3.513103              0.388142              0              0
 1028              6.516919             -0.267035              0              0
 1029              7.350848              0.027449              0              0
 1030              2.151502             -0.066670              0              0
 1031              0.867285              0.483071              0              0
 1032              3.065982              0.529815              0              0
 1033              3.065982             -0.529815              0              0
 1034              2.956920              0.538599              0              0
 1035              2.956920             -0.538599              0              0
 1036              3.162436              0.254658              0              0
 1037              7.304314              0.220296              0              0
 1038              4.946133              0.311923              0              0
 1039              4.950583             -0.311649              0              0
 1040              4.658765              0.246892              0              0
 1041              1.080366             -0.165925              0              0
 1042              5.820332              0.070375              0              0
 1043              6.070303              0.262758              0              0
 1044              5.098492              0.301195              0              0
 1045              3.019480             -0.703668              0              0
 1046              3.019480              0.703668              0              0
 1047              9.532450             -0.038859              0              0
 1048              0.376916             -0.325592              0              0
 1049              1.904325             -0.447483              0              0
 1050              1.904324              0.447483              0              0
 1051              4.260138             -0.057538              0              0
 1052              0.664433             -0.580326              0              0
 1053              1.017341             -0.080679              0              0
 1054              7.170536              0.252340              0              0
 1055              7.185413             -0.254786              0              0
 1056              3.166494             -0.250047              0              0
 1057              4.595621              0.163676              0              0
 1058              5.377965              0.081797              0              0
 1059              5.839178             -0.197651              0              0
 1060              5.366484             -0.085023              0              0
 1061              3.048420              0.097071              0              0
 1062              2.333440             -0.327956              0              0
 1063              7.093652             -0.399407              0              0
 1064              7.093652              0.399407              0              0
 1065              2.333277              0.328536              0              0
 1066              5.241176             -0.061520              0              0
 1067              2.185708              0.748722              0              0
 1068              2.185708             -0.748722              0              0
 1069              2.119660             -0.474106              0              0
 1070              2.119660              0.474106              0              0
 1071              3.380308             -0.472247              0              0
 1072              3.380308              0.472247              0              0
 1073              0.735685             -0.861154              0              0
 1074              0.747489              0.852696              0              0
 1075              4.322797              0.222282              0              0
 1076              4.341531             -0.586555              0              0
 1077              4.341531              0.586555              0              0
 1078              0.950482              0.073510              0              0
 1079              4.418908              0.071437              0              0
 1080              3.415741              0.241230              0              0
 1081              3.415414             -0.237905              0              0
 1082              8.945403              0.258994              0              0
 1083              8.945336             -0.258978              0              0
 1084              1.676592             -0.127785              0              0
 1085              3.202334             -0.428402              0              0
 1086              3.202493              0.428155              0              0
 1087              1.997218             -0.593769              0              0
 1088              1.997218              0.593769              0              0
 1089              3.781909              0.089565              0              0
 1090              1.864078              0.089953              0              0
 1091              1.928843              0.152734              0              0
 1092              4.627972             -0.338978              0              0
 1093              1.579194             -0.014003              0              0
 1094              0.919695              0.172521              0              0
 1095              1.867842             -0.086981              0              0
 1096              1.929334             -0.153514              0              0
 1097              6.606818              0.210901              0              0
 1098              7.016909             -0.021063              0              0
 1099              3.677825             -0.347497              0              0
 1100              3.677825              0.347497              0              0
 1101              4.068513             -0.452877              0              0
 1102              4.068408              0.452807              0              0
 1103              5.691669             -0.179073              0              0
 1104              2.033312             -0.303798              0              0
 1105              2.033192              0.303854              0              0
 1106              0.253044              0.602389              0              0
 1107              0.253044             -0.602389              0              0
 1108              7.542630             -0.007037              0              0
 1109              7.593276              0.084655              0              0
 1110              0.207696             -0.380320              0              0
 1111              0.210862              0.376773              0              0
 1112              6.080680             -0.150718              0              0
 1113              9.234785              0.063841              0              0
 1114              9.791923             -0.037745              0              0
 1115              6.877776             -0.306761              0              0
 1116              6.524093              0.050390              0              0
 1117              3.760571              0.652778              0              0
 1118              3.760571             -0.652778              0              0
 1119              9.635078             -0.073173              0              0
 1120              6.766082              0.237981              0              0
 1121              6.849794              0.035804              0              0
 1122              0.659714              0.040953              0              0
 1123              4.022250             -0.064494              0              0
 1124              4.474314             -0.349344              0              0
 1125              8.013762             -0.067645              0              0
 1126              0.304323              0.074679              0              0
 1127              4.517591             -0.105426              0              0
 1128              4.748309              0.579822              0              0
 1129              4.748309             -0.579822              0              0
 1130              7.492457              0.210700              0              0
 1131              7.553220             -0.206651              0              0
 1132              0.213362             -0.032363              0              0
 1133              1.749413             -0.208070              0              0
 1134              1.759359              0.222737              0              0
 1135              5.535792              0.292289              0              0
 1136              3.239308              0.283996              0              0
 1137              7.049285              0.249505              0              0
 1138              0.554381             -0.077589              0              0
 1139              2.521074              0.733096              0              0
 1140              2.521074             -0.733096              0              0
 1141              4.199683              0.503601              0              0
 1142              4.199711             -0.503619              0              0
 1143              0.482301              0.392538              0              0
 1144              3.009681              0.209419              0              0
 1145              6.898066              0.307921              0              0
 1146              0.198164              0.904880              0              0
 1147              0.198164             -0.904880              0              0
 1148              3.236923             -0.284090              0              0
 1149              1.585120              0.176534              0              0
 1150              2.896551             -0.442060              0              0
 1151              2.896910              0.442115              0              0
 1152              9.238340             -0.064006              0              0
 1153              0.220459              0.692734              0              0
 1154              0.220459             -0.692734              0              0
 1155              2.265437              0.399695              0              0
 1156              2.265166             -0.397474              0              0
 1157              1.837968              0.366758              0              0
 1158              1.838131             -0.366615              0              0
 1159              3.776568             -0.488953              0              0
 1160              3.776568              0.488953              0              0
 1161              4.131610              0.068349              0              0
 1162              6.758540              0.416251              0              0
 1163              6.759803             -0.418168              0              0
