0 1 0 0 10 86 31
1 1 0 31 86 87 30
2 1 0 30 87 88 29
3 1 0 29 88 89 28
4 1 0 28 89 49 4
5 1 0 10 11 90 86
6 1 0 86 90 91 87
7 1 0 87 91 92 88
8 1 0 88 92 93 89
9 1 0 89 93 48 49
10 1 0 11 12 94 90
11 1 0 90 94 95 91
12 1 0 91 95 96 92
13 1 0 92 96 97 93
14 1 0 93 97 47 48
15 1 0 12 13 98 94
16 1 0 94 98 99 95
17 1 0 95 99 100 96
18 1 0 96 100 101 97
19 1 0 97 101 46 47
20 1 0 13 14 102 98
21 1 0 98 102 103 99
22 1 0 99 103 104 100
23 1 0 100 104 105 101
24 1 0 101 105 45 46
25 1 0 14 15 106 102
26 1 0 102 106 107 103
27 1 0 103 107 108 104
28 1 0 104 108 109 105
29 1 0 105 109 44 45
30 1 0 15 16 110 106
31 1 0 106 110 111 107
32 1 0 107 111 112 108
33 1 0 108 112 113 109
34 1 0 109 113 43 44
35 1 0 16 17 114 110
36 1 0 110 114 115 111
37 1 0 111 115 116 112
38 1 0 112 116 117 113
39 1 0 113 117 42 43
40 1 0 17 1 35 114
41 1 0 114 35 34 115
42 1 0 115 34 33 116
43 1 0 116 33 32 117
44 1 0 117 32 5 42
45 1 0 3 36 118 27
46 1 0 27 118 119 26
47 1 0 26 119 120 25
48 1 0 25 120 121 24
49 1 0 24 121 23 2
50 1 0 36 37 122 118
51 1 0 118 122 123 119
52 1 0 119 123 124 120
53 1 0 120 124 125 121
54 1 0 121 125 22 23
55 1 0 37 38 126 122
56 1 0 122 126 127 123
57 1 0 123 127 128 124
58 1 0 124 128 129 125
59 1 0 125 129 21 22
60 1 0 38 39 130 126
61 1 0 126 130 131 127
62 1 0 127 131 132 128
63 1 0 128 132 133 129
64 1 0 129 133 20 21
65 1 0 39 40 134 130
66 1 0 130 134 135 131
67 1 0 131 135 136 132
68 1 0 132 136 137 133
69 1 0 133 137 19 20
70 1 0 40 41 138 134
71 1 0 134 138 139 135
72 1 0 135 139 140 136
73 1 0 136 140 141 137
74 1 0 137 141 18 19
75 1 0 41 5 32 138
76 1 0 138 32 33 139
77 1 0 139 33 34 140
78 1 0 140 34 35 141
79 1 0 141 35 1 18
80 1 0 0 50 142 31
81 1 0 31 142 143 30
82 1 0 30 143 144 29
83 1 0 29 144 145 28
84 1 0 28 145 69 4
85 1 0 50 51 146 142
86 1 0 142 146 147 143
87 1 0 143 147 148 144
88 1 0 144 148 149 145
89 1 0 145 149 68 69
90 1 0 51 52 150 146
91 1 0 146 150 151 147
92 1 0 147 151 152 148
93 1 0 148 152 153 149
94 1 0 149 153 67 68
95 1 0 52 53 154 150
96 1 0 150 154 155 151
97 1 0 151 155 156 152
98 1 0 152 156 157 153
99 1 0 153 157 66 67
100 1 0 53 54 158 154
101 1 0 154 158 159 155
102 1 0 155 159 160 156
103 1 0 156 160 161 157
104 1 0 157 161 65 66
105 1 0 54 55 162 158
106 1 0 158 162 163 159
107 1 0 159 163 164 160
108 1 0 160 164 165 161
109 1 0 161 165 64 65
110 1 0 55 56 166 162
111 1 0 162 166 167 163
112 1 0 163 167 168 164
113 1 0 164 168 169 165
114 1 0 165 169 63 64
115 1 0 56 57 170 166
116 1 0 166 170 171 167
117 1 0 167 171 172 168
118 1 0 168 172 173 169
119 1 0 169 173 62 63
120 1 0 57 6 58 170
121 1 0 170 58 59 171
122 1 0 171 59 60 172
123 1 0 172 60 61 173
124 1 0 173 61 7 62
125 1 0 8 70 174 85
126 1 0 85 174 175 84
127 1 0 84 175 176 83
128 1 0 83 176 177 82
129 1 0 82 177 81 9
130 1 0 70 71 178 174
131 1 0 174 178 179 175
132 1 0 175 179 180 176
133 1 0 176 180 181 177
134 1 0 177 181 80 81
135 1 0 71 72 182 178
136 1 0 178 182 183 179
137 1 0 179 183 184 180
138 1 0 180 184 185 181
139 1 0 181 185 79 80
140 1 0 72 73 186 182
141 1 0 182 186 187 183
142 1 0 183 187 188 184
143 1 0 184 188 189 185
144 1 0 185 189 78 79
145 1 0 73 74 190 186
146 1 0 186 190 191 187
147 1 0 187 191 192 188
148 1 0 188 192 193 189
149 1 0 189 193 77 78
150 1 0 74 75 194 190
151 1 0 190 194 195 191
152 1 0 191 195 196 192
153 1 0 192 196 197 193
154 1 0 193 197 76 77
155 1 0 75 7 61 194
156 1 0 194 61 60 195
157 1 0 195 60 59 196
158 1 0 196 59 58 197
159 1 0 197 58 6 76
