0 0.000000 -1.733102
1 0.000000 -1.733102
6 0.000000 -1.733102
10 0.000000 -1.733102
11 0.000000 -1.733102
12 0.000000 -1.733102
13 0.000000 -1.733102
14 0.000000 -1.733102
15 0.000000 -1.733102
16 0.000000 -1.733102
17 0.000000 -1.733102
18 0.000000 -1.733102
19 0.000000 -1.733102
20 0.000000 -1.733102
21 0.000000 -1.733102
22 0.000000 -1.733102
23 0.000000 -1.733102
24 0.000000 -1.733102
25 0.000000 -1.733102
26 0.000000 -1.733102
27 0.000000 -1.733102
28 0.000000 -1.733102
29 0.000000 -1.733102
30 0.000000 -1.733102
31 0.000000 -1.733102
32 0.000000 -1.733102
33 0.000000 -1.733102
34 0.000000 -1.733102
35 0.000000 -1.733102
36 0.000000 -1.733102
37 0.000000 -1.733102
38 0.000000 -1.733102
39 0.000000 -1.733102
40 0.000000 -1.733102
41 0.000000 -1.733102
42 0.000000 -1.733102
43 0.000000 -1.733102
44 0.000000 -1.733102
45 0.000000 -1.733102
46 0.000000 -1.733102
47 0.000000 -1.733102
48 0.000000 -1.733102
49 0.000000 -1.733102
50 0.000000 -1.733102
51 0.000000 -1.733102
52 0.000000 -1.733102
53 0.000000 -1.733102
54 0.000000 -1.733102
55 0.000000 -1.733102
56 0.000000 -1.733102
57 0.000000 -1.733102
58 0.000000 -1.733102
59 0.000000 -1.733102
60 0.000000 -1.733102
61 0.000000 -1.733102
62 0.000000 -1.733102
63 0.000000 -1.733102
64 0.000000 -1.733102
65 0.000000 -1.733102
66 0.000000 -1.733102
67 0.000000 -1.733102
68 0.000000 -1.733102
69 0.000000 -1.733102
70 0.000000 -1.733102
71 0.000000 -1.733102
72 0.000000 -1.733102
73 0.000000 -1.733102
74 0.000000 -1.733102
75 0.000000 -1.733102
76 0.000000 -1.733102
77 0.000000 -1.733102
78 0.000000 -1.733102
79 0.000000 -1.733102
80 0.000000 -1.733102
81 0.000000 -1.733102
82 0.000000 -1.733102
83 0.000000 -1.733102
84 0.000000 -1.733102
85 0.000000 -1.733102
86 0.000000 -1.733102
87 0.000000 -1.733102
88 0.000000 -1.733102
89 0.000000 -1.733102
90 0.000000 -1.733102
91 0.000000 -1.733102
92 0.000000 -1.733102
93 0.000000 -1.733102
94 0.000000 -1.733102
95 0.000000 -1.733102
96 0.000000 -1.733102
97 0.000000 -1.733102
98 0.000000 -1.733102
99 0.000000 -1.733102
100 0.000000 -1.733102
101 0.000000 -1.733102
102 0.000000 -1.733102
103 0.000000 -1.733102
104 0.000000 -1.733102
105 0.000000 -1.733102
106 0.000000 -1.733102
107 0.000000 -1.733102
108 0.000000 -1.733102
109 0.000000 -1.733102
110 0.000000 -1.733102
111 0.000000 -1.733102
112 0.000000 -1.733102
113 0.000000 -1.733102
114 0.000000 -1.733102
115 0.000000 -1.733102
116 0.000000 -1.733102
117 0.000000 -1.733102
118 0.000000 -1.733102
119 0.000000 -1.733102
120 0.000000 -1.733102
121 0.000000 -1.733102
122 0.000000 -1.733102
123 0.000000 -1.733102
124 0.000000 -1.733102
125 0.000000 -1.733102
126 0.000000 -1.733102
127 0.000000 -1.733102
128 0.000000 -1.733102
129 0.000000 -1.733102
130 0.000000 -1.733102
131 0.000000 -1.733102
132 0.000000 -1.733102
133 0.000000 -1.733102
134 0.000000 -1.733102
135 0.000000 -1.733102
136 0.000000 -1.733102
137 0.000000 -1.733102
138 0.000000 -1.733102
139 0.000000 -1.733102
140 0.000000 -1.733102
141 0.000000 -1.733102
142 0.000000 -1.733102
143 0.000000 -1.733102
144 0.000000 -1.733102
145 0.000000 -1.733102
146 0.000000 -1.733102
147 0.000000 -1.733102
148 0.000000 -1.733102
149 0.000000 -1.733102
150 0.000000 -1.733102
151 0.000000 -1.733102
152 0.000000 -1.733102
153 0.000000 -1.733102
154 0.000000 -1.733102
155 0.000000 -1.733102
156 0.000000 -1.733102
157 0.000000 -1.733102
158 0.000000 -1.733102
159 0.000000 -1.733102
160 0.000000 -1.733102
161 0.000000 -1.733102
162 0.000000 -1.733102
163 0.000000 -1.733102
164 0.000000 -1.733102
165 0.000000 -1.733102
166 0.000000 -1.733102
167 0.000000 -1.733102
168 0.000000 -1.733102
169 0.000000 -1.733102
170 0.000000 -1.733102
171 0.000000 -1.733102
172 0.000000 -1.733102
173 0.000000 -1.733102
174 0.000000 -1.733102
175 0.000000 -1.733102
176 0.000000 -1.733102
177 0.000000 -1.733102
178 0.000000 -1.733102
179 0.000000 -1.733102
180 0.000000 -1.733102
181 0.000000 -1.733102
182 0.000000 -1.733102
183 0.000000 -1.733102
184 0.000000 -1.733102
185 0.000000 -1.733102
186 0.000000 -1.733102
187 0.000000 -1.733102
188 0.000000 -1.733102
189 0.000000 -1.733102
190 0.000000 -1.733102
191 0.000000 -1.733102
192 0.000000 -1.733102
193 0.000000 -1.733102
194 0.000000 -1.733102
195 0.000000 -1.733102
196 0.000000 -1.733102
197 0.000000 -1.733102
198 0.000000 -1.733102
199 0.000000 -1.733102
200 0.000000 -1.733102
201 0.000000 -1.733102
202 0.000000 -1.733102
203 0.000000 -1.733102
204 0.000000 -1.733102
205 0.000000 -1.733102
206 0.000000 -1.733102
207 0.000000 -1.733102
208 0.000000 -1.733102
209 0.000000 -1.733102
210 0.000000 -1.733102
211 0.000000 -1.733102
212 0.000000 -1.733102
213 0.000000 -1.733102
214 0.000000 -1.733102
215 0.000000 -1.733102
216 0.000000 -1.733102
217 0.000000 -1.733102
218 0.000000 -1.733102
219 0.000000 -1.733102
220 0.000000 -1.733102
221 0.000000 -1.733102
222 0.000000 -1.733102
223 0.000000 -1.733102
224 0.000000 -1.733102
225 0.000000 -1.733102
226 0.000000 -1.733102
227 0.000000 -1.733102
228 0.000000 -1.733102
229 0.000000 -1.733102
230 0.000000 -1.733102
231 0.000000 -1.733102
232 0.000000 -1.733102
233 0.000000 -1.733102
234 0.000000 -1.733102
235 0.000000 -1.733102
236 0.000000 -1.733102
237 0.000000 -1.733102
238 0.000000 -1.733102
239 0.000000 -1.733102
240 0.000000 -1.733102
241 0.000000 -1.733102
242 0.000000 -1.733102
243 0.000000 -1.733102
244 0.000000 -1.733102
245 0.000000 -1.733102
246 0.000000 -1.733102
247 0.000000 -1.733102
248 0.000000 -1.733102
249 0.000000 -1.733102
250 0.000000 -1.733102
251 0.000000 -1.733102
252 0.000000 -1.733102
253 0.000000 -1.733102
254 0.000000 -1.733102
255 0.000000 -1.733102
256 0.000000 -1.733102
257 0.000000 -1.733102
258 0.000000 -1.733102
259 0.000000 -1.733102
260 0.000000 -1.733102
261 0.000000 -1.733102
262 0.000000 -1.733102
263 0.000000 -1.733102
264 0.000000 -1.733102
265 0.000000 -1.733102
266 0.000000 -1.733102
267 0.000000 -1.733102
268 0.000000 -1.733102
269 0.000000 -1.733102
270 0.000000 -1.733102
271 0.000000 -1.733102
272 0.000000 -1.733102
273 0.000000 -1.733102
274 0.000000 -1.733102
275 0.000000 -1.733102
276 0.000000 -1.733102
277 0.000000 -1.733102
278 0.000000 -1.733102
279 0.000000 -1.733102
280 0.000000 -1.733102
281 0.000000 -1.733102
282 0.000000 -1.733102
283 0.000000 -1.733102
284 0.000000 -1.733102
285 0.000000 -1.733102
286 0.000000 -1.733102
287 0.000000 -1.733102
288 0.000000 -1.733102
289 0.000000 -1.733102
290 0.000000 -1.733102
291 0.000000 -1.733102
292 0.000000 -1.733102
293 0.000000 -1.733102
294 0.000000 -1.733102
295 0.000000 -1.733102
296 0.000000 -1.733102
1507 0.000000 -1.733102
1508 0.000000 -1.733102
1509 0.000000 -1.733102
1510 0.000000 -1.733102
1511 0.000000 -1.733102
1512 0.000000 -1.733102
1513 0.000000 -1.733102
1514 0.000000 -1.733102
1515 0.000000 -1.733102
1516 0.000000 -1.733102
1517 0.000000 -1.733102
1518 0.000000 -1.733102
1519 0.000000 -1.733102
1520 0.000000 -1.733102
1521 0.000000 -1.733102
1522 0.000000 -1.733102
1523 0.000000 -1.733102
1524 0.000000 -1.733102
1525 0.000000 -1.733102
1526 0.000000 -1.733102
1527 0.000000 -1.733102
1528 0.000000 -1.733102
1529 0.000000 -1.733102
1530 0.000000 -1.733102
1531 0.000000 -1.733102
1532 0.000000 -1.733102
1533 0.000000 -1.733102
1534 0.000000 -1.733102
1535 0.000000 -1.733102
1536 0.000000 -1.733102
1537 0.000000 -1.733102
1538 0.000000 -1.733102
1539 0.000000 -1.733102
1540 0.000000 -1.733102
1541 0.000000 -1.733102
1542 0.000000 -1.733102
1543 0.000000 -1.733102
1544 0.000000 -1.733102
1545 0.000000 -1.733102
1546 0.000000 -1.733102
1547 0.000000 -1.733102
1548 0.000000 -1.733102
1549 0.000000 -1.733102
1550 0.000000 -1.733102
1551 0.000000 -1.733102
1552 0.000000 -1.733102
1553 0.000000 -1.733102
1554 0.000000 -1.733102
1555 0.000000 -1.733102
1556 0.000000 -1.733102
1557 0.000000 -1.733102
1558 0.000000 -1.733102
1559 0.000000 -1.733102
1560 0.000000 -1.733102
1561 0.000000 -1.733102
1562 0.000000 -1.733102
1563 0.000000 -1.733102
1564 0.000000 -1.733102
1565 0.000000 -1.733102
1566 0.000000 -1.733102
1567 0.000000 -1.733102
1568 0.000000 -1.733102
1569 0.000000 -1.733102
1570 0.000000 -1.733102
1571 0.000000 -1.733102
1572 0.000000 -1.733102
1573 0.000000 -1.733102
1574 0.000000 -1.733102
1575 0.000000 -1.733102
1576 0.000000 -1.733102
1577 0.000000 -1.733102
1578 0.000000 -1.733102
1579 0.000000 -1.733102
1580 0.000000 -1.733102
1581 0.000000 -1.733102
1582 0.000000 -1.733102
1583 0.000000 -1.733102
1584 0.000000 -1.733102
1585 0.000000 -1.733102
1586 0.000000 -1.733102
1587 0.000000 -1.733102
1588 0.000000 -1.733102
1589 0.000000 -1.733102
1590 0.000000 -1.733102
1591 0.000000 -1.733102
1592 0.000000 -1.733102
1593 0.000000 -1.733102
1594 0.000000 -1.733102
1595 0.000000 -1.733102
1596 0.000000 -1.733102
1597 0.000000 -1.733102
1598 0.000000 -1.733102
1599 0.000000 -1.733102
1600 0.000000 -1.733102
1601 0.000000 -1.733102
1602 0.000000 -1.733102
1603 0.000000 -1.733102
1604 0.000000 -1.733102
1605 0.000000 -1.733102
1606 0.000000 -1.733102
1607 0.000000 -1.733102
1608 0.000000 -1.733102
1609 0.000000 -1.733102
1610 0.000000 -1.733102
1611 0.000000 -1.733102
1612 0.000000 -1.733102
1613 0.000000 -1.733102
1614 0.000000 -1.733102
1615 0.000000 -1.733102
1616 0.000000 -1.733102
1617 0.000000 -1.733102
1618 0.000000 -1.733102
1619 0.000000 -1.733102
1620 0.000000 -1.733102
1621 0.000000 -1.733102
1622 0.000000 -1.733102
1623 0.000000 -1.733102
1624 0.000000 -1.733102
1625 0.000000 -1.733102
1626 0.000000 -1.733102
1627 0.000000 -1.733102
1628 0.000000 -1.733102
1629 0.000000 -1.733102
1630 0.000000 -1.733102
1631 0.000000 -1.733102
1632 0.000000 -1.733102
1633 0.000000 -1.733102
1634 0.000000 -1.733102
1635 0.000000 -1.733102
1636 0.000000 -1.733102
1637 0.000000 -1.733102
1638 0.000000 -1.733102
1639 0.000000 -1.733102
1640 0.000000 -1.733102
1641 0.000000 -1.733102
1642 0.000000 -1.733102
1643 0.000000 -1.733102
1644 0.000000 -1.733102
1645 0.000000 -1.733102
1646 0.000000 -1.733102
1647 0.000000 -1.733102
1648 0.000000 -1.733102
1649 0.000000 -1.733102
1650 0.000000 -1.733102
1651 0.000000 -1.733102
1652 0.000000 -1.733102
1653 0.000000 -1.733102
1654 0.000000 -1.733102
1655 0.000000 -1.733102
1656 0.000000 -1.733102
1657 0.000000 -1.733102
1658 0.000000 -1.733102
1659 0.000000 -1.733102
1660 0.000000 -1.733102
1661 0.000000 -1.733102
1662 0.000000 -1.733102
1663 0.000000 -1.733102
1664 0.000000 -1.733102
1665 0.000000 -1.733102
1666 0.000000 -1.733102
1667 0.000000 -1.733102
1668 0.000000 -1.733102
1669 0.000000 -1.733102
1670 0.000000 -1.733102
1671 0.000000 -1.733102
1672 0.000000 -1.733102
1673 0.000000 -1.733102
1674 0.000000 -1.733102
1675 0.000000 -1.733102
1676 0.000000 -1.733102
1677 0.000000 -1.733102
1678 0.000000 -1.733102
1679 0.000000 -1.733102
1680 0.000000 -1.733102
1681 0.000000 -1.733102
1682 0.000000 -1.733102
1683 0.000000 -1.733102
1684 0.000000 -1.733102
1685 0.000000 -1.733102
1686 0.000000 -1.733102
1687 0.000000 -1.733102
1688 0.000000 -1.733102
1689 0.000000 -1.733102
1690 0.000000 -1.733102
1691 0.000000 -1.733102
1692 0.000000 -1.733102
1693 0.000000 -1.733102
1694 0.000000 -1.733102
1695 0.000000 -1.733102
1696 0.000000 -1.733102
1697 0.000000 -1.733102
1698 0.000000 -1.733102
1699 0.000000 -1.733102
1700 0.000000 -1.733102
1701 0.000000 -1.733102
1702 0.000000 -1.733102
1703 0.000000 -1.733102
1704 0.000000 -1.733102
1705 0.000000 -1.733102
1706 0.000000 -1.733102
1707 0.000000 -1.733102
1708 0.000000 -1.733102
1709 0.000000 -1.733102
1710 0.000000 -1.733102
1711 0.000000 -1.733102
1712 0.000000 -1.733102
1713 0.000000 -1.733102
1714 0.000000 -1.733102
1715 0.000000 -1.733102
1716 0.000000 -1.733102
1717 0.000000 -1.733102
1718 0.000000 -1.733102
1719 0.000000 -1.733102
1720 0.000000 -1.733102
1721 0.000000 -1.733102
1722 0.000000 -1.733102
1723 0.000000 -1.733102
1724 0.000000 -1.733102
1725 0.000000 -1.733102
1726 0.000000 -1.733102
1727 0.000000 -1.733102
1728 0.000000 -1.733102
1729 0.000000 -1.733102
1730 0.000000 -1.733102
1731 0.000000 -1.733102
1732 0.000000 -1.733102
1733 0.000000 -1.733102
1734 0.000000 -1.733102
1735 0.000000 -1.733102
1736 0.000000 -1.733102
1737 0.000000 -1.733102
1738 0.000000 -1.733102
1739 0.000000 -1.733102
1740 0.000000 -1.733102
1741 0.000000 -1.733102
1742 0.000000 -1.733102
1743 0.000000 -1.733102
1744 0.000000 -1.733102
1745 0.000000 -1.733102
1746 0.000000 -1.733102
1747 0.000000 -1.733102
1748 0.000000 -1.733102
1749 0.000000 -1.733102
1750 0.000000 -1.733102
1751 0.000000 -1.733102
1752 0.000000 -1.733102
1753 0.000000 -1.733102
1754 0.000000 -1.733102
1755 0.000000 -1.733102
1756 0.000000 -1.733102
1757 0.000000 -1.733102
1758 0.000000 -1.733102
1759 0.000000 -1.733102
1760 0.000000 -1.733102
1761 0.000000 -1.733102
1762 0.000000 -1.733102
1763 0.000000 -1.733102
1764 0.000000 -1.733102
1765 0.000000 -1.733102
1766 0.000000 -1.733102
1767 0.000000 -1.733102
1768 0.000000 -1.733102
1769 0.000000 -1.733102
1770 0.000000 -1.733102
1771 0.000000 -1.733102
1772 0.000000 -1.733102
1773 0.000000 -1.733102
1774 0.000000 -1.733102
1775 0.000000 -1.733102
1776 0.000000 -1.733102
1777 0.000000 -1.733102
1778 0.000000 -1.733102
1779 0.000000 -1.733102
1780 0.000000 -1.733102
1781 0.000000 -1.733102
1782 0.000000 -1.733102
1783 0.000000 -1.733102
1784 0.000000 -1.733102
1785 0.000000 -1.733102
1786 0.000000 -1.733102
1787 0.000000 -1.733102
1788 0.000000 -1.733102
1789 0.000000 -1.733102
1790 0.000000 -1.733102
1791 0.000000 -1.733102
1792 0.000000 -1.733102
1793 0.000000 -1.733102
