0 0 3.25 0 0
1 6.375 3.25 -1 0
2 6.375 0 -1 -1
3 5.325 0 0 -1
4 0 2 0 0
5 4.04446 0.916292 0 0
6 -6.375 3.25 -1 0
7 -4.04446 0.916292 0 0
8 -5.325 0 0 -1
9 -6.375 0 -1 -1
10 0.708333 3.25 0 0
11 1.41667 3.25 0 0
12 2.125 3.25 0 0
13 2.83333 3.25 0 0
14 3.54167 3.25 0 0
15 4.25 3.25 0 0
16 4.95833 3.25 0 0
17 5.66667 3.25 0 0
18 6.375 2.78571 -1 0
19 6.375 2.32143 -1 0
20 6.375 1.85714 -1 0
21 6.375 1.39286 -1 0
22 6.375 0.928571 -1 0
23 6.375 0.464286 -1 0
24 6.165 0 0 -1
25 5.955 0 0 -1
26 5.745 0 0 -1
27 5.535 0 0 -1
28 0 2.25 0 0
29 0 2.5 0 0
30 0 2.75 0 0
31 0 3 0 0
32 4.51056 1.38303 0 0
33 4.97667 1.84977 0 0
34 5.44278 2.31652 0 0
35 5.90889 2.78326 0 0
36 5.15336 0.145936 0 0
37 4.97773 0.287036 0 0
38 4.79823 0.42319 0 0
39 4.61501 0.554292 0 0
40 4.42821 0.68024 0 0
41 4.23798 0.800938 0 0
42 3.6303 1.1396 0 0
43 3.20385 1.33846 0 0
44 2.76657 1.51218 0 0
45 2.31993 1.66018 0 0
46 1.86543 1.78196 0 0
47 1.40462 1.87711 0 0
48 0.939065 1.94531 0 0
49 0.470328 1.98631 0 0
50 -0.708333 3.25 0 0
51 -1.41667 3.25 0 0
52 -2.125 3.25 0 0
53 -2.83333 3.25 0 0
54 -3.54167 3.25 0 0
55 -4.25 3.25 0 0
56 -4.95833 3.25 0 0
57 -5.66667 3.25 0 0
58 -5.90889 2.78326 0 0
59 -5.44278 2.31652 0 0
60 -4.97667 1.84977 0 0
61 -4.51056 1.38303 0 0
62 -3.6303 1.1396 0 0
63 -3.20385 1.33846 0 0
64 -2.76657 1.51218 0 0
65 -2.31993 1.66018 0 0
66 -1.86543 1.78196 0 0
67 -1.40462 1.87711 0 0
68 -0.939065 1.94531 0 0
69 -0.470328 1.98631 0 0
70 -5.15336 0.145936 0 0
71 -4.97773 0.287036 0 0
72 -4.79823 0.42319 0 0
73 -4.61501 0.554292 0 0
74 -4.42821 0.68024 0 0
75 -4.23798 0.800938 0 0
76 -6.375 2.78571 -1 0
77 -6.375 2.32143 -1 0
78 -6.375 1.85714 -1 0
79 -6.375 1.39286 -1 0
80 -6.375 0.928571 -1 0
81 -6.375 0.464286 -1 0
82 -6.165 0 0 -1
83 -5.955 0 0 -1
84 -5.745 0 0 -1
85 -5.535 0 0 -1
86 0.660732 2.99726 0 0
87 0.613131 2.74453 0 0
88 0.56553 2.49179 0 0
89 0.517929 2.23905 0 0
90 1.32115 2.98906 0 0
91 1.22563 2.72812 0 0
92 1.13011 2.46718 0 0
93 1.03459 2.20624 0 0
94 1.98092 2.97542 0 0
95 1.83685 2.70084 0 0
96 1.69277 2.42627 0 0
97 1.5487 2.15169 0 0
98 2.63975 2.95639 0 0
99 2.44617 2.66278 0 0
100 2.25259 2.36918 0 0
101 2.05901 2.07557 0 0
102 3.29732 2.93204 0 0
103 3.05297 2.61407 0 0
104 2.80862 2.29611 0 0
105 2.56427 1.97814 0 0
106 3.95331 2.90244 0 0
107 3.65663 2.55487 0 0
108 3.35994 2.20731 0 0
109 3.06326 1.85974 0 0
110 4.60744 2.86769 0 0
111 4.25654 2.48538 0 0
112 3.90565 2.10307 0 0
113 3.55475 1.72077 0 0
114 5.25939 2.82792 0 0
115 4.85212 2.40584 0 0
116 4.44484 1.98376 0 0
117 4.03757 1.56168 0 0
118 5.39769 0.209606 0 0
119 5.64202 0.273276 0 0
120 5.88634 0.336946 0 0
121 6.13067 0.400616 0 0
122 5.25718 0.415343 0 0
123 5.53664 0.54365 0 0
124 5.81609 0.671957 0 0
125 6.09555 0.800264 0 0
126 5.11358 0.617123 0 0
127 5.42894 0.811057 0 0
128 5.74429 1.00499 0 0
129 6.05965 1.19892 0 0
130 4.96701 0.814862 0 0
131 5.31901 1.07543 0 0
132 5.671 1.336 0 0
133 6.023 1.59657 0 0
134 4.81757 1.00848 0 0
135 5.20693 1.33672 0 0
136 5.59628 1.66495 0 0
137 5.98564 1.99319 0 0
138 4.66538 1.19789 0 0
139 5.09279 1.59485 0 0
140 5.52019 1.9918 0 0
141 5.9476 2.38876 0 0
142 -0.660732 2.99726 0 0
143 -0.613131 2.74453 0 0
144 -0.56553 2.49179 0 0
145 -0.517929 2.23905 0 0
146 -1.32115 2.98906 0 0
147 -1.22563 2.72812 0 0
148 -1.13011 2.46718 0 0
149 -1.03459 2.20624 0 0
150 -1.98092 2.97542 0 0
151 -1.83685 2.70084 0 0
152 -1.69277 2.42627 0 0
153 -1.5487 2.15169 0 0
154 -2.63975 2.95639 0 0
155 -2.44617 2.66278 0 0
156 -2.25259 2.36918 0 0
157 -2.05901 2.07557 0 0
158 -3.29732 2.93204 0 0
159 -3.05297 2.61407 0 0
160 -2.80862 2.29611 0 0
161 -2.56427 1.97814 0 0
162 -3.95331 2.90244 0 0
163 -3.65663 2.55487 0 0
164 -3.35994 2.20731 0 0
165 -3.06326 1.85974 0 0
166 -4.60744 2.86769 0 0
167 -4.25654 2.48538 0 0
168 -3.90565 2.10307 0 0
169 -3.55475 1.72077 0 0
170 -5.25939 2.82792 0 0
171 -4.85212 2.40584 0 0
172 -4.44484 1.98376 0 0
173 -4.03757 1.56168 0 0
174 -5.39769 0.209606 0 0
175 -5.64202 0.273276 0 0
176 -5.88634 0.336946 0 0
177 -6.13067 0.400616 0 0
178 -5.25718 0.415343 0 0
179 -5.53664 0.54365 0 0
180 -5.81609 0.671957 0 0
181 -6.09555 0.800264 0 0
182 -5.11358 0.617123 0 0
183 -5.42894 0.811057 0 0
184 -5.74429 1.00499 0 0
185 -6.05965 1.19892 0 0
186 -4.96701 0.814862 0 0
187 -5.31901 1.07543 0 0
188 -5.671 1.336 0 0
189 -6.023 1.59657 0 0
190 -4.81757 1.00848 0 0
191 -5.20693 1.33672 0 0
192 -5.59628 1.66495 0 0
193 -5.98564 1.99319 0 0
194 -4.66538 1.19789 0 0
195 -5.09279 1.59485 0 0
196 -5.52019 1.9918 0 0
197 -5.9476 2.38876 0 0
