    0         1         0         0         4        44        43
    1         1         0        43        44        45        42
    2         1         0        42        45        46        41
    3         1         0        41        46        47        40
    4         1         0        40        47        48        39
    5         1         0        39        48        38         3
    6         1         0         4         5        49        44
    7         1         0        44        49        50        45
    8         1         0        45        50        51        46
    9         1         0        46        51        52        47
   10         1         0        47        52        53        48
   11         1         0        48        53        37        38
   12         1         0         5         6        54        49
   13         1         0        49        54        55        50
   14         1         0        50        55        56        51
   15         1         0        51        56        57        52
   16         1         0        52        57        58        53
   17         1         0        53        58        36        37
   18         1         0         6         7        59        54
   19         1         0        54        59        60        55
   20         1         0        55        60        61        56
   21         1         0        56        61        62        57
   22         1         0        57        62        63        58
   23         1         0        58        63        35        36
   24         1         0         7         8        64        59
   25         1         0        59        64        65        60
   26         1         0        60        65        66        61
   27         1         0        61        66        67        62
   28         1         0        62        67        68        63
   29         1         0        63        68        34        35
   30         1         0         8         9        69        64
   31         1         0        64        69        70        65
   32         1         0        65        70        71        66
   33         1         0        66        71        72        67
   34         1         0        67        72        73        68
   35         1         0        68        73        33        34
   36         1         0         9        10        74        69
   37         1         0        69        74        75        70
   38         1         0        70        75        76        71
   39         1         0        71        76        77        72
   40         1         0        72        77        78        73
   41         1         0        73        78        32        33
   42         1         0        10        11        79        74
   43         1         0        74        79        80        75
   44         1         0        75        80        81        76
   45         1         0        76        81        82        77
   46         1         0        77        82        83        78
   47         1         0        78        83        31        32
   48         1         0        11        12        84        79
   49         1         0        79        84        85        80
   50         1         0        80        85        86        81
   51         1         0        81        86        87        82
   52         1         0        82        87        88        83
   53         1         0        83        88        30        31
   54         1         0        12        13        89        84
   55         1         0        84        89        90        85
   56         1         0        85        90        91        86
   57         1         0        86        91        92        87
   58         1         0        87        92        93        88
   59         1         0        88        93        29        30
   60         1         0        13        14        94        89
   61         1         0        89        94        95        90
   62         1         0        90        95        96        91
   63         1         0        91        96        97        92
   64         1         0        92        97        98        93
   65         1         0        93        98        28        29
   66         1         0        14        15        99        94
   67         1         0        94        99       100        95
   68         1         0        95       100       101        96
   69         1         0        96       101       102        97
   70         1         0        97       102       103        98
   71         1         0        98       103        27        28
   72         1         0        15        16       104        99
   73         1         0        99       104       105       100
   74         1         0       100       105       106       101
   75         1         0       101       106       107       102
   76         1         0       102       107       108       103
   77         1         0       103       108        26        27
   78         1         0        16        17       109       104
   79         1         0       104       109       110       105
   80         1         0       105       110       111       106
   81         1         0       106       111       112       107
   82         1         0       107       112       113       108
   83         1         0       108       113        25        26
   84         1         0        17        18       114       109
   85         1         0       109       114       115       110
   86         1         0       110       115       116       111
   87         1         0       111       116       117       112
   88         1         0       112       117       118       113
   89         1         0       113       118        24        25
   90         1         0        18         1        19       114
   91         1         0       114        19        20       115
   92         1         0       115        20        21       116
   93         1         0       116        21        22       117
   94         1         0       117        22        23       118
   95         1         0       118        23         2        24
