    0              0.000000             -4.000000              0              0
    1             24.000000             -4.000000             -1              0
    2             24.000000              4.000000             -1              0
    3              0.000000              4.000000              0              0
    4              1.500000             -4.000000              0              0
    5              3.000000             -4.000000              0              0
    6              4.500000             -4.000000              0              0
    7              6.000000             -4.000000              0              0
    8              7.500000             -4.000000              0              0
    9              9.000000             -4.000000              0              0
   10             10.500000             -4.000000              0              0
   11             12.000000             -4.000000              0              0
   12             13.500000             -4.000000              0              0
   13             15.000000             -4.000000              0              0
   14             16.500000             -4.000000              0              0
   15             18.000000             -4.000000              0              0
   16             19.500000             -4.000000              0              0
   17             21.000000             -4.000000              0              0
   18             22.500000             -4.000000              0              0
   19             24.000000             -2.666667             -1              0
   20             24.000000             -1.333333             -1              0
   21             24.000000             -0.000000             -1             -1
   22             24.000000              1.333333             -1              0
   23             24.000000              2.666667             -1              0
   24             22.500000              4.000000              0              0
   25             21.000000              4.000000              0              0
   26             19.500000              4.000000              0              0
   27             18.000000              4.000000              0              0
   28             16.500000              4.000000              0              0
   29             15.000000              4.000000              0              0
   30             13.500000              4.000000              0              0
   31             12.000000              4.000000              0              0
   32             10.500000              4.000000              0              0
   33              9.000000              4.000000              0              0
   34              7.500000              4.000000              0              0
   35              6.000000              4.000000              0              0
   36              4.500000              4.000000              0              0
   37              3.000000              4.000000              0              0
   38              1.500000              4.000000              0              0
   39              0.000000              2.666667              0              0
   40              0.000000              1.333333              0              0
   41              0.000000              0.000000              0              0
   42              0.000000             -1.333333              0              0
   43              0.000000             -2.666667              0              0
   44              1.500000             -2.666667              0              0
   45              1.500000             -1.333333              0              0
   46              1.500000              0.000000              0              0
   47              1.500000              1.333333              0              0
   48              1.500000              2.666667              0              0
   49              3.000000             -2.666667              0              0
   50              3.000000             -1.333333              0              0
   51              3.000000              0.000000              0              0
   52              3.000000              1.333333              0              0
   53              3.000000              2.666667              0              0
   54              4.500000             -2.666667              0              0
   55              4.500000             -1.333333              0              0
   56              4.500000              0.000000              0              0
   57              4.500000              1.333333              0              0
   58              4.500000              2.666667              0              0
   59              6.000000             -2.666667              0              0
   60              6.000000             -1.333333              0              0
   61              6.000000              0.000000              0              0
   62              6.000000              1.333333              0              0
   63              6.000000              2.666667              0              0
   64              7.500000             -2.666667              0              0
   65              7.500000             -1.333333              0              0
   66              7.500000              0.000000              0              0
   67              7.500000              1.333333              0              0
   68              7.500000              2.666667              0              0
   69              9.000000             -2.666667              0              0
   70              9.000000             -1.333333              0              0
   71              9.000000              0.000000              0              0
   72              9.000000              1.333333              0              0
   73              9.000000              2.666667              0              0
   74             10.500000             -2.666667              0              0
   75             10.500000             -1.333333              0              0
   76             10.500000              0.000000              0              0
   77             10.500000              1.333333              0              0
   78             10.500000              2.666667              0              0
   79             12.000000             -2.666667              0              0
   80             12.000000             -1.333333              0              0
   81             12.000000              0.000000              0              0
   82             12.000000              1.333333              0              0
   83             12.000000              2.666667              0              0
   84             13.500000             -2.666667              0              0
   85             13.500000             -1.333333              0              0
   86             13.500000             -0.000000              0              0
   87             13.500000              1.333333              0              0
   88             13.500000              2.666667              0              0
   89             15.000000             -2.666667              0              0
   90             15.000000             -1.333333              0              0
   91             15.000000             -0.000000              0              0
   92             15.000000              1.333333              0              0
   93             15.000000              2.666667              0              0
   94             16.500000             -2.666667              0              0
   95             16.500000             -1.333333              0              0
   96             16.500000             -0.000000              0              0
   97             16.500000              1.333333              0              0
   98             16.500000              2.666667              0              0
   99             18.000000             -2.666667              0              0
  100             18.000000             -1.333333              0              0
  101             18.000000             -0.000000              0              0
  102             18.000000              1.333333              0              0
  103             18.000000              2.666667              0              0
  104             19.500000             -2.666667              0              0
  105             19.500000             -1.333333              0              0
  106             19.500000             -0.000000              0              0
  107             19.500000              1.333333              0              0
  108             19.500000              2.666667              0              0
  109             21.000000             -2.666667              0              0
  110             21.000000             -1.333333              0              0
  111             21.000000             -0.000000              0              0
  112             21.000000              1.333333              0              0
  113             21.000000              2.666667              0              0
  114             22.500000             -2.666667              0              0
  115             22.500000             -1.333333              0              0
  116             22.500000             -0.000000              0              0
  117             22.500000              1.333333              0              0
  118             22.500000              2.666667              0              0
