    0              0.000000             -4.000000              0              0
    1             24.000000             -4.000000             -1              0
    2             24.000000              4.000000             -1              0
    3              0.000000              4.000000              0              0
    4              6.000000             -4.000000              0              0
    5             12.000000             -4.000000              0              0
    6             18.000000             -4.000000              0              0
    7             24.000000             -0.000000             -1             -1
    8             18.000000              4.000000              0              0
    9             12.000000              4.000000              0              0
   10              6.000000              4.000000              0              0
   11              0.000000              0.000000              0              0
   12              6.000000              0.000000              0              0
   13             12.000000              0.000000              0              0
   14             18.000000             -0.000000              0              0
