    0       0.0000       0.0000         0         0
    1       2.0000       2.0000        -1        -1
    2       4.0000       0.0000         0         0
    3       2.0000      -2.0000        -1        -1
    4       0.5000       0.5000         0         0
    5       1.0000       1.0000         0         0
    6       1.5000       1.5000         0         0
    7       2.5000       1.5000         0         0
    8       3.0000       1.0000         0         0
    9       3.5000       0.5000         0         0
   10       3.5000      -0.5000         0         0
   11       3.0000      -1.0000         0         0
   12       2.5000      -1.5000         0         0
   13       1.5000      -1.5000         0         0
   14       1.0000      -1.0000         0         0
   15       0.5000      -0.5000         0         0
   16       1.0000      -0.0000         0         0
   17       1.5000      -0.5000         0         0
   18       2.0000      -1.0000         0         0
   19       1.5000       0.5000         0         0
   20       2.0000       0.0000         0         0
   21       2.5000      -0.5000         0         0
   22       2.0000       1.0000         0         0
   23       2.5000       0.5000         0         0
   24       3.0000       0.0000         0         0
