0 0.0000 0.0000 0 0
1 -1.0000 -1.0000 -1 -1
2 1.0000 -1.0000 -1 -1
3 0.9688 -0.9688 0 0
4 0.9375 -0.9375 0 0
5 0.9063 -0.9063 0 0
6 0.8750 -0.8750 0 0
7 0.8438 -0.8438 0 0
8 0.8125 -0.8125 0 0
9 0.7813 -0.7813 0 0
10 0.7500 -0.7500 0 0
11 0.7188 -0.7188 0 0
12 0.6875 -0.6875 0 0
13 0.6563 -0.6563 0 0
14 0.6250 -0.6250 0 0
15 0.5938 -0.5938 0 0
16 0.5625 -0.5625 0 0
17 0.5313 -0.5313 0 0
18 0.5000 -0.5000 0 0
19 0.4688 -0.4688 0 0
20 0.4375 -0.4375 0 0
21 0.4063 -0.4063 0 0
22 0.3750 -0.3750 0 0
23 0.3438 -0.3438 0 0
24 0.3125 -0.3125 0 0
25 0.2813 -0.2813 0 0
26 0.2500 -0.2500 0 0
27 0.2188 -0.2188 0 0
28 0.1875 -0.1875 0 0
29 0.1563 -0.1563 0 0
30 0.1250 -0.1250 0 0
31 0.0938 -0.0938 0 0
32 0.0625 -0.0625 0 0
33 0.0313 -0.0313 0 0
34 -0.0312 -0.0312 0 0
35 -0.0625 -0.0625 0 0
36 -0.0937 -0.0937 0 0
37 -0.1250 -0.1250 0 0
38 -0.1562 -0.1562 0 0
39 -0.1875 -0.1875 0 0
40 -0.2187 -0.2187 0 0
41 -0.2500 -0.2500 0 0
42 -0.2812 -0.2812 0 0
43 -0.3125 -0.3125 0 0
44 -0.3437 -0.3437 0 0
45 -0.3750 -0.3750 0 0
46 -0.4062 -0.4062 0 0
47 -0.4375 -0.4375 0 0
48 -0.4687 -0.4687 0 0
49 -0.5000 -0.5000 0 0
50 -0.5312 -0.5312 0 0
51 -0.5625 -0.5625 0 0
52 -0.5937 -0.5937 0 0
53 -0.6250 -0.6250 0 0
54 -0.6562 -0.6562 0 0
55 -0.6875 -0.6875 0 0
56 -0.7187 -0.7187 0 0
57 -0.7500 -0.7500 0 0
58 -0.7812 -0.7812 0 0
59 -0.8125 -0.8125 0 0
60 -0.8437 -0.8437 0 0
61 -0.8750 -0.8750 0 0
62 -0.9062 -0.9062 0 0
63 -0.9375 -0.9375 0 0
64 -0.9687 -0.9687 0 0
65 -0.9995 -1.0327 -1 -1
66 -0.9979 -1.0654 -1 -1
67 -0.9952 -1.0980 -1 -1
68 -0.9914 -1.1305 -1 -1
69 -0.9866 -1.1629 -1 -1
70 -0.9808 -1.1951 -1 -1
71 -0.9739 -1.2271 -1 -1
72 -0.9659 -1.2588 -1 -1
73 -0.9569 -1.2903 -1 -1
74 -0.9469 -1.3214 -1 -1
75 -0.9359 -1.3523 -1 -1
76 -0.9239 -1.3827 -1 -1
77 -0.9109 -1.4127 -1 -1
78 -0.8969 -1.4423 -1 -1
79 -0.8819 -1.4714 -1 -1
80 -0.8660 -1.5000 -1 -1
81 -0.8492 -1.5281 -1 -1
82 -0.8315 -1.5556 -1 -1
83 -0.8128 -1.5825 -1 -1
84 -0.7934 -1.6088 -1 -1
85 -0.7730 -1.6344 -1 -1
86 -0.7518 -1.6593 -1 -1
87 -0.7299 -1.6836 -1 -1
88 -0.7071 -1.7071 -1 -1
89 -0.6836 -1.7299 -1 -1
90 -0.6593 -1.7518 -1 -1
91 -0.6344 -1.7730 -1 -1
92 -0.6088 -1.7934 -1 -1
93 -0.5825 -1.8128 -1 -1
94 -0.5556 -1.8315 -1 -1
95 -0.5281 -1.8492 -1 -1
96 -0.5000 -1.8660 -1 -1
97 -0.4714 -1.8819 -1 -1
98 -0.4423 -1.8969 -1 -1
99 -0.4127 -1.9109 -1 -1
100 -0.3827 -1.9239 -1 -1
101 -0.3523 -1.9359 -1 -1
102 -0.3214 -1.9469 -1 -1
103 -0.2903 -1.9569 -1 -1
104 -0.2588 -1.9659 -1 -1
105 -0.2271 -1.9739 -1 -1
106 -0.1951 -1.9808 -1 -1
107 -0.1629 -1.9866 -1 -1
108 -0.1305 -1.9914 -1 -1
109 -0.0980 -1.9952 -1 -1
110 -0.0654 -1.9979 -1 -1
111 -0.0327 -1.9995 -1 -1
112 -0.0000 -2.0000 -1 -1
113 0.0327 -1.9995 -1 -1
114 0.0654 -1.9979 -1 -1
115 0.0980 -1.9952 -1 -1
116 0.1305 -1.9914 -1 -1
117 0.1629 -1.9866 -1 -1
118 0.1951 -1.9808 -1 -1
119 0.2271 -1.9739 -1 -1
120 0.2588 -1.9659 -1 -1
121 0.2903 -1.9569 -1 -1
122 0.3214 -1.9469 -1 -1
123 0.3523 -1.9359 -1 -1
124 0.3827 -1.9239 -1 -1
125 0.4127 -1.9109 -1 -1
126 0.4423 -1.8969 -1 -1
127 0.4714 -1.8819 -1 -1
128 0.5000 -1.8660 -1 -1
129 0.5281 -1.8492 -1 -1
130 0.5556 -1.8315 -1 -1
131 0.5825 -1.8128 -1 -1
132 0.6088 -1.7934 -1 -1
133 0.6344 -1.7730 -1 -1
134 0.6593 -1.7518 -1 -1
135 0.6836 -1.7299 -1 -1
136 0.7071 -1.7071 -1 -1
137 0.7299 -1.6836 -1 -1
138 0.7518 -1.6593 -1 -1
139 0.7730 -1.6344 -1 -1
140 0.7934 -1.6088 -1 -1
141 0.8128 -1.5825 -1 -1
142 0.8315 -1.5556 -1 -1
143 0.8492 -1.5281 -1 -1
144 0.8660 -1.5000 -1 -1
145 0.8819 -1.4714 -1 -1
146 0.8969 -1.4423 -1 -1
147 0.9109 -1.4127 -1 -1
148 0.9239 -1.3827 -1 -1
149 0.9359 -1.3523 -1 -1
150 0.9469 -1.3214 -1 -1
151 0.9569 -1.2903 -1 -1
152 0.9659 -1.2588 -1 -1
153 0.9739 -1.2271 -1 -1
154 0.9808 -1.1951 -1 -1
155 0.9866 -1.1629 -1 -1
156 0.9914 -1.1305 -1 -1
157 0.9952 -1.0980 -1 -1
158 0.9979 -1.0654 -1 -1
159 0.9995 -1.0327 -1 -1
160 -0.4330 -0.7500 0 0
161 -0.2500 -0.9330 0 0
162 -0.0000 -1.0000 0 0
163 0.2500 -0.9330 0 0
164 0.4330 -0.7500 0 0
165 -0.4665 -0.6250 0 0
166 -0.2165 -0.3750 0 0
167 -0.3415 -0.8415 0 0
168 -0.1250 -0.4665 0 0
169 -0.1250 -0.9665 0 0
170 -0.0000 -0.5000 0 0
171 0.1250 -0.9665 0 0
172 0.1250 -0.4665 0 0
173 0.3415 -0.8415 0 0
174 0.2165 -0.3750 0 0
175 0.4665 -0.6250 0 0
176 -0.7165 -0.8750 0 0
177 -0.6495 -1.1250 0 0
178 -0.5580 -1.2165 0 0
179 -0.3750 -1.3995 0 0
180 -0.2500 -1.4330 0 0
181 -0.0000 -1.5000 0 0
182 0.1250 -1.4665 0 0
183 0.3750 -1.3995 0 0
184 0.4665 -1.3080 0 0
185 0.6495 -1.1250 0 0
186 0.6830 -1.0000 0 0
187 -0.2333 -0.3125 0 0
188 -0.1083 -0.1875 0 0
189 -0.3583 -0.4375 0 0
190 -0.3415 -0.5000 0 0
191 -0.4833 -0.5625 0 0
192 -0.4498 -0.6875 0 0
193 -0.3248 -0.5625 0 0
194 -0.1708 -0.4208 0 0
195 -0.0625 -0.2333 0 0
196 -0.2790 -0.6083 0 0
197 -0.2333 -0.6540 0 0
198 -0.3873 -0.7958 0 0
199 -0.2958 -0.8873 0 0
200 -0.1875 -0.6998 0 0
201 -0.0625 -0.4833 0 0
202 -0.0000 -0.2500 0 0
203 -0.1250 -0.7165 0 0
204 -0.0625 -0.7333 0 0
205 -0.1875 -0.9498 0 0
206 -0.0625 -0.9833 0 0
207 -0.0000 -0.7500 0 0
208 0.0625 -0.4833 0 0
209 0.0625 -0.2333 0 0
210 0.0625 -0.7333 0 0
211 0.1250 -0.7165 0 0
212 0.0625 -0.9833 0 0
213 0.1875 -0.9498 0 0
214 0.1875 -0.6998 0 0
215 0.1708 -0.4208 0 0
216 0.1083 -0.1875 0 0
217 0.2333 -0.6540 0 0
218 0.2790 -0.6083 0 0
219 0.2958 -0.8873 0 0
220 0.3873 -0.7958 0 0
221 0.3248 -0.5625 0 0
222 0.2333 -0.3125 0 0
223 0.3415 -0.5000 0 0
224 0.3583 -0.4375 0 0
225 0.4498 -0.6875 0 0
226 0.4833 -0.5625 0 0
227 -0.6083 -0.6875 0 0
228 -0.7333 -0.8125 0 0
229 -0.5915 -0.7500 0 0
230 -0.8583 -0.9375 0 0
231 -0.5748 -0.8125 0 0
232 -0.6830 -1.0000 0 0
233 -0.5413 -0.9375 0 0
234 -0.8412 -1.0669 0 0
235 -0.8077 -1.1919 0 0
236 -0.7578 -1.3125 0 0
237 -0.4955 -0.9833 0 0
238 -0.6038 -1.1708 0 0
239 -0.4498 -1.0290 0 0
240 -0.7120 -1.3583 0 0
241 -0.4040 -1.0748 0 0
242 -0.4665 -1.3080 0 0
243 -0.3125 -1.1663 0 0
244 -0.6326 -1.4618 0 0
245 -0.5411 -1.5533 0 0
246 -0.4375 -1.6328 0 0
247 -0.2500 -1.1830 0 0
248 -0.3125 -1.4163 0 0
249 -0.1875 -1.1998 0 0
250 -0.3750 -1.6495 0 0
251 -0.1250 -1.2165 0 0
252 -0.1250 -1.4665 0 0
253 -0.0000 -1.2500 0 0
254 -0.2544 -1.6995 0 0
255 -0.1294 -1.7330 0 0
256 -0.0000 -1.7500 0 0
257 0.0625 -1.2333 0 0
258 0.0625 -1.4833 0 0
259 0.1250 -1.2165 0 0
260 0.0625 -1.7333 0 0
261 0.1875 -1.1998 0 0
262 0.2500 -1.4330 0 0
263 0.3125 -1.1663 0 0
264 0.1919 -1.7162 0 0
265 0.3169 -1.6827 0 0
266 0.4375 -1.6328 0 0
267 0.3583 -1.1205 0 0
268 0.4208 -1.3538 0 0
269 0.4040 -1.0748 0 0
270 0.4833 -1.5870 0 0
271 0.4498 -1.0290 0 0
272 0.5580 -1.2165 0 0
273 0.5413 -0.9375 0 0
274 0.5868 -1.5076 0 0
275 0.6783 -1.4161 0 0
276 0.7578 -1.3125 0 0
277 0.5580 -0.8750 0 0
278 0.6663 -1.0625 0 0
279 0.5748 -0.8125 0 0
280 0.7745 -1.2500 0 0
281 0.5915 -0.7500 0 0
282 0.7165 -0.8750 0 0
283 0.8245 -1.1294 0 0
284 0.8580 -1.0044 0 0
285 -0.1166 -0.1562 0 0
286 -0.0541 -0.0937 0 0
287 -0.1791 -0.2187 0 0
288 -0.1708 -0.2500 0 0
289 -0.2416 -0.2812 0 0
290 -0.2249 -0.3437 0 0
291 -0.1624 -0.2812 0 0
292 -0.3041 -0.3437 0 0
293 -0.2958 -0.3750 0 0
294 -0.3499 -0.4687 0 0
295 -0.2874 -0.4062 0 0
296 -0.4124 -0.5312 0 0
297 -0.4040 -0.5625 0 0
298 -0.2790 -0.4375 0 0
299 -0.3666 -0.4062 0 0
300 -0.4291 -0.4687 0 0
301 -0.4208 -0.5000 0 0
302 -0.4916 -0.5312 0 0
303 -0.4749 -0.5937 0 0
304 -0.3331 -0.5312 0 0
305 -0.2706 -0.4687 0 0
306 -0.3956 -0.5937 0 0
307 -0.3873 -0.6250 0 0
308 -0.4581 -0.6562 0 0
309 -0.4414 -0.7187 0 0
310 -0.3789 -0.6562 0 0
311 -0.0854 -0.2104 0 0
312 -0.0312 -0.1166 0 0
313 -0.1395 -0.3041 0 0
314 -0.1166 -0.3270 0 0
315 -0.1936 -0.3979 0 0
316 -0.1479 -0.4436 0 0
317 -0.0937 -0.3499 0 0
318 -0.2478 -0.4916 0 0
319 -0.2249 -0.5145 0 0
320 -0.2561 -0.6311 0 0
321 -0.2020 -0.5374 0 0
322 -0.3103 -0.7249 0 0
323 -0.2874 -0.7478 0 0
324 -0.1791 -0.5603 0 0
325 -0.3019 -0.5854 0 0
326 -0.3560 -0.6791 0 0
327 -0.3331 -0.7020 0 0
328 -0.4101 -0.7729 0 0
329 -0.3644 -0.8186 0 0
330 -0.2104 -0.6769 0 0
331 -0.1562 -0.5831 0 0
332 -0.2645 -0.7706 0 0
333 -0.2416 -0.7935 0 0
334 -0.3186 -0.8644 0 0
335 -0.2729 -0.9101 0 0
336 -0.2187 -0.8164 0 0
337 -0.0312 -0.2416 0 0
338 -0.0000 -0.1250 0 0
339 -0.0625 -0.3583 0 0
340 -0.0313 -0.3666 0 0
341 -0.0937 -0.4749 0 0
342 -0.0313 -0.4916 0 0
343 -0.0000 -0.3750 0 0
344 -0.1250 -0.5915 0 0
345 -0.0937 -0.5999 0 0
346 -0.0937 -0.7249 0 0
347 -0.0625 -0.6083 0 0
348 -0.1250 -0.8415 0 0
349 -0.0938 -0.8499 0 0
350 -0.0313 -0.6166 0 0
351 -0.1562 -0.7081 0 0
352 -0.1875 -0.8248 0 0
353 -0.1562 -0.8331 0 0
354 -0.2187 -0.9414 0 0
355 -0.1562 -0.9581 0 0
356 -0.0313 -0.7416 0 0
357 -0.0000 -0.6250 0 0
358 -0.0625 -0.8583 0 0
359 -0.0313 -0.8666 0 0
360 -0.0938 -0.9749 0 0
361 -0.0313 -0.9916 0 0
362 -0.0000 -0.8750 0 0
363 0.0313 -0.2416 0 0
364 0.0313 -0.1166 0 0
365 0.0312 -0.3666 0 0
366 0.0625 -0.3583 0 0
367 0.0312 -0.4916 0 0
368 0.0938 -0.4749 0 0
369 0.0938 -0.3499 0 0
370 0.0312 -0.6166 0 0
371 0.0625 -0.6083 0 0
372 0.0938 -0.7249 0 0
373 0.0938 -0.5999 0 0
374 0.0938 -0.8499 0 0
375 0.1250 -0.8415 0 0
376 0.1250 -0.5915 0 0
377 0.0312 -0.7416 0 0
378 0.0312 -0.8666 0 0
379 0.0625 -0.8583 0 0
380 0.0312 -0.9916 0 0
381 0.0937 -0.9749 0 0
382 0.1563 -0.7081 0 0
383 0.1563 -0.5831 0 0
384 0.1563 -0.8331 0 0
385 0.1875 -0.8248 0 0
386 0.1563 -0.9581 0 0
387 0.2188 -0.9414 0 0
388 0.2188 -0.8164 0 0
389 0.0854 -0.2104 0 0
390 0.0541 -0.0938 0 0
391 0.1166 -0.3270 0 0
392 0.1395 -0.3041 0 0
393 0.1479 -0.4436 0 0
394 0.1936 -0.3979 0 0
395 0.1624 -0.2813 0 0
396 0.1791 -0.5603 0 0
397 0.2020 -0.5374 0 0
398 0.2561 -0.6311 0 0
399 0.2249 -0.5145 0 0
400 0.2874 -0.7478 0 0
401 0.3103 -0.7249 0 0
402 0.2478 -0.4916 0 0
403 0.2104 -0.6769 0 0
404 0.2416 -0.7935 0 0
405 0.2645 -0.7706 0 0
406 0.2729 -0.9101 0 0
407 0.3186 -0.8644 0 0
408 0.3019 -0.5854 0 0
409 0.2706 -0.4688 0 0
410 0.3331 -0.7020 0 0
411 0.3560 -0.6791 0 0
412 0.3644 -0.8186 0 0
413 0.4101 -0.7729 0 0
414 0.3789 -0.6563 0 0
415 0.1166 -0.1563 0 0
416 0.1708 -0.2500 0 0
417 0.1791 -0.2188 0 0
418 0.2249 -0.3438 0 0
419 0.2416 -0.2813 0 0
420 0.2790 -0.4375 0 0
421 0.2874 -0.4063 0 0
422 0.3499 -0.4688 0 0
423 0.2958 -0.3750 0 0
424 0.4040 -0.5625 0 0
425 0.4124 -0.5313 0 0
426 0.3041 -0.3438 0 0
427 0.3331 -0.5313 0 0
428 0.3873 -0.6250 0 0
429 0.3956 -0.5938 0 0
430 0.4414 -0.7188 0 0
431 0.4581 -0.6563 0 0
432 0.3666 -0.4063 0 0
433 0.4208 -0.5000 0 0
434 0.4291 -0.4688 0 0
435 0.4749 -0.5938 0 0
436 0.4916 -0.5313 0 0
437 -0.5541 -0.5937 0 0
438 -0.6166 -0.6562 0 0
439 -0.5458 -0.6250 0 0
440 -0.6791 -0.7187 0 0
441 -0.5374 -0.6562 0 0
442 -0.7416 -0.7812 0 0
443 -0.6708 -0.7500 0 0
444 -0.6624 -0.7812 0 0
445 -0.5999 -0.7187 0 0
446 -0.7249 -0.8437 0 0
447 -0.6540 -0.8125 0 0
448 -0.5290 -0.6875 0 0
449 -0.8041 -0.8437 0 0
450 -0.8666 -0.9062 0 0
451 -0.7958 -0.8750 0 0
452 -0.9291 -0.9687 0 0
453 -0.7874 -0.9062 0 0
454 -0.5206 -0.7187 0 0
455 -0.5831 -0.7812 0 0
456 -0.5123 -0.7500 0 0
457 -0.6456 -0.8437 0 0
458 -0.5039 -0.7812 0 0
459 -0.5580 -0.8750 0 0
460 -0.4871 -0.8437 0 0
461 -0.6289 -0.9062 0 0
462 -0.6121 -0.9687 0 0
463 -0.6998 -0.9375 0 0
464 -0.6663 -1.0625 0 0
465 -0.5954 -1.0312 0 0
466 -0.7789 -0.9710 0 0
467 -0.7621 -1.0335 0 0
468 -0.8245 -1.1294 0 0
469 -0.7454 -1.0960 0 0
470 -0.9036 -1.1629 0 0
471 -0.8868 -1.2254 0 0
472 -0.7286 -1.1585 0 0
473 -0.8497 -1.0022 0 0
474 -0.9248 -1.0340 0 0
475 -0.9163 -1.0987 0 0
476 -0.7827 -1.2522 0 0
477 -0.7036 -1.2187 0 0
478 -0.8658 -1.2873 0 0
479 -0.8408 -1.3476 0 0
480 -0.8119 -1.4062 0 0
481 -0.4643 -0.8666 0 0
482 -0.5184 -0.9604 0 0
483 -0.4414 -0.8895 0 0
484 -0.5725 -1.0541 0 0
485 -0.4185 -0.9124 0 0
486 -0.6266 -1.1479 0 0
487 -0.5496 -1.0770 0 0
488 -0.5268 -1.0999 0 0
489 -0.4726 -1.0061 0 0
490 -0.5809 -1.1936 0 0
491 -0.5039 -1.1228 0 0
492 -0.3956 -0.9353 0 0
493 -0.6808 -1.2416 0 0
494 -0.7349 -1.3354 0 0
495 -0.6579 -1.2645 0 0
496 -0.7890 -1.4291 0 0
497 -0.6350 -1.2874 0 0
498 -0.3728 -0.9581 0 0
499 -0.4269 -1.0519 0 0
500 -0.3499 -0.9810 0 0
501 -0.4810 -1.1456 0 0
502 -0.3270 -1.0039 0 0
503 -0.3583 -1.1205 0 0
504 -0.2812 -1.0496 0 0
505 -0.4353 -1.1914 0 0
506 -0.3895 -1.2371 0 0
507 -0.5123 -1.2623 0 0
508 -0.4208 -1.3538 0 0
509 -0.3438 -1.2829 0 0
510 -0.5953 -1.3392 0 0
511 -0.5495 -1.3849 0 0
512 -0.5868 -1.5076 0 0
513 -0.5038 -1.4307 0 0
514 -0.6698 -1.5845 0 0
515 -0.6241 -1.6302 0 0
516 -0.4580 -1.4764 0 0
517 -0.6723 -1.4100 0 0
518 -0.7527 -1.4835 0 0
519 -0.7130 -1.5353 0 0
520 -0.4893 -1.5930 0 0
521 -0.4063 -1.5161 0 0
522 -0.5749 -1.6733 0 0
523 -0.5231 -1.7131 0 0
524 -0.4688 -1.7494 0 0
525 -0.2500 -1.0580 0 0
526 -0.2813 -1.1746 0 0
527 -0.2188 -1.0664 0 0
528 -0.3125 -1.2913 0 0
529 -0.1875 -1.0748 0 0
530 -0.3438 -1.4079 0 0
531 -0.2813 -1.2996 0 0
532 -0.2500 -1.3080 0 0
533 -0.2188 -1.1914 0 0
534 -0.2813 -1.4246 0 0
535 -0.2188 -1.3164 0 0
536 -0.1563 -1.0831 0 0
537 -0.3750 -1.5245 0 0
538 -0.4063 -1.6411 0 0
539 -0.3438 -1.5329 0 0
540 -0.4375 -1.7578 0 0
541 -0.3125 -1.5413 0 0
542 -0.1250 -1.0915 0 0
543 -0.1563 -1.2081 0 0
544 -0.0938 -1.0999 0 0
545 -0.1875 -1.3248 0 0
546 -0.0625 -1.1083 0 0
547 -0.0625 -1.2333 0 0
548 -0.0000 -1.1250 0 0
549 -0.1250 -1.3415 0 0
550 -0.0625 -1.3583 0 0
551 -0.1875 -1.4498 0 0
552 -0.0625 -1.4833 0 0
553 -0.0000 -1.3750 0 0
554 -0.2522 -1.5662 0 0
555 -0.1897 -1.5830 0 0
556 -0.1919 -1.7162 0 0
557 -0.1272 -1.5997 0 0
558 -0.2566 -1.8327 0 0
559 -0.1941 -1.8494 0 0
560 -0.0647 -1.6165 0 0
561 -0.3147 -1.6745 0 0
562 -0.3788 -1.7867 0 0
563 -0.3185 -1.8117 0 0
564 -0.0647 -1.7415 0 0
565 -0.0000 -1.6250 0 0
566 -0.1300 -1.8622 0 0
567 -0.0653 -1.8707 0 0
568 -0.0000 -1.8750 0 0
569 0.0312 -1.1166 0 0
570 0.0312 -1.2416 0 0
571 0.0625 -1.1083 0 0
572 0.0312 -1.3666 0 0
573 0.0937 -1.0999 0 0
574 0.0312 -1.4916 0 0
575 0.0625 -1.3583 0 0
576 0.0937 -1.3499 0 0
577 0.0937 -1.2249 0 0
578 0.0937 -1.4749 0 0
579 0.1250 -1.3415 0 0
580 0.1250 -1.0915 0 0
581 0.0312 -1.6166 0 0
582 0.0312 -1.7416 0 0
583 0.0625 -1.6083 0 0
584 0.0312 -1.8666 0 0
585 0.0937 -1.5999 0 0
586 0.1562 -1.0831 0 0
587 0.1562 -1.2081 0 0
588 0.1875 -1.0748 0 0
589 0.1562 -1.3331 0 0
590 0.2187 -1.0664 0 0
591 0.2500 -1.1830 0 0
592 0.2813 -1.0496 0 0
593 0.2187 -1.3164 0 0
594 0.2812 -1.2996 0 0
595 0.1875 -1.4498 0 0
596 0.3125 -1.4163 0 0
597 0.3437 -1.2829 0 0
598 0.1585 -1.5914 0 0
599 0.2210 -1.5746 0 0
600 0.2544 -1.6995 0 0
601 0.2835 -1.5579 0 0
602 0.2254 -1.8411 0 0
603 0.2879 -1.8243 0 0
604 0.3460 -1.5411 0 0
605 0.1272 -1.7247 0 0
606 0.0965 -1.8623 0 0
607 0.1612 -1.8538 0 0
608 0.3772 -1.6577 0 0
609 0.4062 -1.5161 0 0
610 0.3498 -1.8033 0 0
611 0.4101 -1.7783 0 0
612 0.4687 -1.7494 0 0
613 0.3041 -1.0268 0 0
614 0.3354 -1.1434 0 0
615 0.3270 -1.0039 0 0
616 0.3666 -1.2600 0 0
617 0.3499 -0.9810 0 0
618 0.3979 -1.3766 0 0
619 0.3895 -1.2371 0 0
620 0.4124 -1.2143 0 0
621 0.3811 -1.0976 0 0
622 0.4436 -1.3309 0 0
623 0.4353 -1.1914 0 0
624 0.3728 -0.9581 0 0
625 0.4291 -1.4933 0 0
626 0.4604 -1.6099 0 0
627 0.4520 -1.4704 0 0
628 0.4916 -1.7265 0 0
629 0.4749 -1.4475 0 0
630 0.3956 -0.9353 0 0
631 0.4269 -1.0519 0 0
632 0.4185 -0.9124 0 0
633 0.4581 -1.1685 0 0
634 0.4414 -0.8895 0 0
635 0.4955 -0.9833 0 0
636 0.4871 -0.8438 0 0
637 0.5039 -1.1228 0 0
638 0.5496 -1.0770 0 0
639 0.5123 -1.2623 0 0
640 0.6038 -1.1708 0 0
641 0.5954 -1.0313 0 0
642 0.5267 -1.4078 0 0
643 0.5724 -1.3620 0 0
644 0.6326 -1.4618 0 0
645 0.6182 -1.3163 0 0
646 0.6470 -1.6073 0 0
647 0.6927 -1.5616 0 0
648 0.6639 -1.2705 0 0
649 0.5350 -1.5473 0 0
650 0.5460 -1.6902 0 0
651 0.5978 -1.6505 0 0
652 0.7180 -1.3643 0 0
653 0.7036 -1.2188 0 0
654 0.7358 -1.5124 0 0
655 0.7756 -1.4606 0 0
656 0.8119 -1.4063 0 0
657 0.4955 -0.8125 0 0
658 0.5496 -0.9063 0 0
659 0.5039 -0.7813 0 0
660 0.6038 -1.0000 0 0
661 0.5123 -0.7500 0 0
662 0.6579 -1.0938 0 0
663 0.6121 -0.9688 0 0
664 0.6205 -0.9375 0 0
665 0.5664 -0.8438 0 0
666 0.6746 -1.0313 0 0
667 0.6289 -0.9063 0 0
668 0.5206 -0.7188 0 0
669 0.7120 -1.1875 0 0
670 0.7661 -1.2813 0 0
671 0.7204 -1.1563 0 0
672 0.8203 -1.3750 0 0
673 0.7288 -1.1250 0 0
674 0.5290 -0.6875 0 0
675 0.5831 -0.7813 0 0
676 0.5374 -0.6563 0 0
677 0.6373 -0.8750 0 0
678 0.5458 -0.6250 0 0
679 0.6083 -0.6875 0 0
680 0.6540 -0.8125 0 0
681 0.6708 -0.7500 0 0
682 0.6998 -0.9375 0 0
683 0.7333 -0.8125 0 0
684 0.7537 -1.0647 0 0
685 0.7705 -1.0022 0 0
686 0.8412 -1.0669 0 0
687 0.7872 -0.9397 0 0
688 0.8952 -1.1941 0 0
689 0.9119 -1.1316 0 0
690 0.8040 -0.8772 0 0
691 0.7995 -1.1897 0 0
692 0.8492 -1.3163 0 0
693 0.8742 -1.2560 0 0
694 0.8665 -0.9397 0 0
695 0.9247 -1.0675 0 0
696 0.9332 -1.0028 0 0
697 -0.0583 -0.0781 0 0
698 -0.0271 -0.0469 0 0
699 -0.0896 -0.1094 0 0
700 -0.0854 -0.1250 0 0
701 -0.1208 -0.1406 0 0
702 -0.1124 -0.1719 0 0
703 -0.0812 -0.1406 0 0
704 -0.1521 -0.1719 0 0
705 -0.1479 -0.1875 0 0
706 -0.1749 -0.2344 0 0
707 -0.1437 -0.2031 0 0
708 -0.2062 -0.2656 0 0
709 -0.2020 -0.2812 0 0
710 -0.1395 -0.2187 0 0
711 -0.1833 -0.2031 0 0
712 -0.2146 -0.2344 0 0
713 -0.2104 -0.2500 0 0
714 -0.2458 -0.2656 0 0
715 -0.2374 -0.2969 0 0
716 -0.1666 -0.2656 0 0
717 -0.1353 -0.2344 0 0
718 -0.1978 -0.2969 0 0
719 -0.1936 -0.3125 0 0
720 -0.2291 -0.3281 0 0
721 -0.2207 -0.3594 0 0
722 -0.1894 -0.3281 0 0
723 -0.2771 -0.2969 0 0
724 -0.2729 -0.3125 0 0
725 -0.2999 -0.3594 0 0
726 -0.2687 -0.3281 0 0
727 -0.3312 -0.3906 0 0
728 -0.3270 -0.4062 0 0
729 -0.2645 -0.3437 0 0
730 -0.3541 -0.4531 0 0
731 -0.3228 -0.4219 0 0
732 -0.3186 -0.4375 0 0
733 -0.2916 -0.3906 0 0
734 -0.3457 -0.4844 0 0
735 -0.3144 -0.4531 0 0
736 -0.2603 -0.3594 0 0
737 -0.3853 -0.4844 0 0
738 -0.3811 -0.5000 0 0
739 -0.4082 -0.5469 0 0
740 -0.3769 -0.5156 0 0
741 -0.4394 -0.5781 0 0
742 -0.4353 -0.5937 0 0
743 -0.3728 -0.5312 0 0
744 -0.2561 -0.3750 0 0
745 -0.2832 -0.4219 0 0
746 -0.2519 -0.3906 0 0
747 -0.3103 -0.4687 0 0
748 -0.2478 -0.4062 0 0
749 -0.3083 -0.3281 0 0
750 -0.3396 -0.3594 0 0
751 -0.3354 -0.3750 0 0
752 -0.3708 -0.3906 0 0
753 -0.3624 -0.4219 0 0
754 -0.4021 -0.4219 0 0
755 -0.3979 -0.4375 0 0
756 -0.4249 -0.4844 0 0
757 -0.3937 -0.4531 0 0
758 -0.4562 -0.5156 0 0
759 -0.4520 -0.5312 0 0
760 -0.3895 -0.4687 0 0
761 -0.4333 -0.4531 0 0
762 -0.4646 -0.4844 0 0
763 -0.4604 -0.5000 0 0
764 -0.4958 -0.5156 0 0
765 -0.4874 -0.5469 0 0
766 -0.4166 -0.5156 0 0
767 -0.4478 -0.5469 0 0
768 -0.4436 -0.5625 0 0
769 -0.4791 -0.5781 0 0
770 -0.4707 -0.6094 0 0
771 -0.2748 -0.4531 0 0
772 -0.2436 -0.4219 0 0
773 -0.3061 -0.4844 0 0
774 -0.3019 -0.5000 0 0
775 -0.3373 -0.5156 0 0
776 -0.3289 -0.5469 0 0
777 -0.2977 -0.5156 0 0
778 -0.3686 -0.5469 0 0
779 -0.3644 -0.5625 0 0
780 -0.3914 -0.6094 0 0
781 -0.3602 -0.5781 0 0
782 -0.4227 -0.6406 0 0
783 -0.4185 -0.6562 0 0
784 -0.3560 -0.5937 0 0
785 -0.3998 -0.5781 0 0
786 -0.4311 -0.6094 0 0
787 -0.4269 -0.6250 0 0
788 -0.4623 -0.6406 0 0
789 -0.4539 -0.6719 0 0
790 -0.3831 -0.6406 0 0
791 -0.3518 -0.6094 0 0
792 -0.4143 -0.6719 0 0
793 -0.4101 -0.6875 0 0
794 -0.4456 -0.7031 0 0
795 -0.4372 -0.7344 0 0
796 -0.4059 -0.7031 0 0
797 -0.0427 -0.1052 0 0
798 -0.0156 -0.0583 0 0
799 -0.0698 -0.1521 0 0
800 -0.0583 -0.1635 0 0
801 -0.0968 -0.1989 0 0
802 -0.0739 -0.2218 0 0
803 -0.0469 -0.1749 0 0
804 -0.1239 -0.2458 0 0
805 -0.1124 -0.2573 0 0
806 -0.1281 -0.3156 0 0
807 -0.1010 -0.2687 0 0
808 -0.1551 -0.3624 0 0
809 -0.1437 -0.3739 0 0
810 -0.0896 -0.2801 0 0
811 -0.1509 -0.2927 0 0
812 -0.1780 -0.3396 0 0
813 -0.1666 -0.3510 0 0
814 -0.2051 -0.3864 0 0
815 -0.1822 -0.4093 0 0
816 -0.1052 -0.3384 0 0
817 -0.0781 -0.2916 0 0
818 -0.1323 -0.3853 0 0
819 -0.1208 -0.3968 0 0
820 -0.1593 -0.4322 0 0
821 -0.1364 -0.4551 0 0
822 -0.1094 -0.4082 0 0
823 -0.2321 -0.4333 0 0
824 -0.2207 -0.4448 0 0
825 -0.2363 -0.5031 0 0
826 -0.2093 -0.4562 0 0
827 -0.2634 -0.5499 0 0
828 -0.2519 -0.5614 0 0
829 -0.1978 -0.4676 0 0
830 -0.2676 -0.6197 0 0
831 -0.2405 -0.5728 0 0
832 -0.2291 -0.5843 0 0
833 -0.2134 -0.5259 0 0
834 -0.2447 -0.6426 0 0
835 -0.2176 -0.5957 0 0
836 -0.1864 -0.4791 0 0
837 -0.2946 -0.6666 0 0
838 -0.2832 -0.6780 0 0
839 -0.2988 -0.7363 0 0
840 -0.2718 -0.6894 0 0
841 -0.3259 -0.7832 0 0
842 -0.3144 -0.7946 0 0
843 -0.2603 -0.7009 0 0
844 -0.1749 -0.4905 0 0
845 -0.1906 -0.5488 0 0
846 -0.1635 -0.5019 0 0
847 -0.2062 -0.6071 0 0
848 -0.1521 -0.5134 0 0
849 -0.2592 -0.4802 0 0
850 -0.2863 -0.5271 0 0
851 -0.2748 -0.5385 0 0
852 -0.3133 -0.5739 0 0
853 -0.2904 -0.5968 0 0
854 -0.3404 -0.6208 0 0
855 -0.3289 -0.6323 0 0
856 -0.3446 -0.6906 0 0
857 -0.3175 -0.6437 0 0
858 -0.3716 -0.7374 0 0
859 -0.3602 -0.7489 0 0
860 -0.3061 -0.6551 0 0
861 -0.3674 -0.6677 0 0
862 -0.3945 -0.7146 0 0
863 -0.3831 -0.7260 0 0
864 -0.4216 -0.7614 0 0
865 -0.3987 -0.7843 0 0
866 -0.3217 -0.7134 0 0
867 -0.3488 -0.7603 0 0
868 -0.3373 -0.7718 0 0
869 -0.3758 -0.8072 0 0
870 -0.3529 -0.8301 0 0
871 -0.1677 -0.5717 0 0
872 -0.1406 -0.5248 0 0
873 -0.1948 -0.6186 0 0
874 -0.1833 -0.6300 0 0
875 -0.2218 -0.6654 0 0
876 -0.1989 -0.6883 0 0
877 -0.1719 -0.6414 0 0
878 -0.2489 -0.7123 0 0
879 -0.2374 -0.7238 0 0
880 -0.2531 -0.7821 0 0
881 -0.2260 -0.7352 0 0
882 -0.2801 -0.8289 0 0
883 -0.2687 -0.8404 0 0
884 -0.2146 -0.7466 0 0
885 -0.2759 -0.7592 0 0
886 -0.3030 -0.8061 0 0
887 -0.2916 -0.8175 0 0
888 -0.3301 -0.8529 0 0
889 -0.3072 -0.8758 0 0
890 -0.2302 -0.8049 0 0
891 -0.2031 -0.7581 0 0
892 -0.2573 -0.8518 0 0
893 -0.2458 -0.8633 0 0
894 -0.2843 -0.8987 0 0
895 -0.2614 -0.9216 0 0
896 -0.2344 -0.8747 0 0
897 -0.0156 -0.1208 0 0
898 -0.0000 -0.0625 0 0
899 -0.0312 -0.1791 0 0
900 -0.0156 -0.1833 0 0
901 -0.0469 -0.2374 0 0
902 -0.0156 -0.2458 0 0
903 -0.0000 -0.1875 0 0
904 -0.0625 -0.2958 0 0
905 -0.0469 -0.2999 0 0
906 -0.0469 -0.3624 0 0
907 -0.0313 -0.3041 0 0
908 -0.0625 -0.4208 0 0
909 -0.0469 -0.4249 0 0
910 -0.0156 -0.3083 0 0
911 -0.0781 -0.3541 0 0
912 -0.0937 -0.4124 0 0
913 -0.0781 -0.4166 0 0
914 -0.1094 -0.4707 0 0
915 -0.0781 -0.4791 0 0
916 -0.0156 -0.3708 0 0
917 -0.0000 -0.3125 0 0
918 -0.0313 -0.4291 0 0
919 -0.0156 -0.4333 0 0
920 -0.0469 -0.4874 0 0
921 -0.0156 -0.4958 0 0
922 -0.0000 -0.4375 0 0
923 -0.1250 -0.5290 0 0
924 -0.1094 -0.5332 0 0
925 -0.1094 -0.5957 0 0
926 -0.0937 -0.5374 0 0
927 -0.1250 -0.6540 0 0
928 -0.1094 -0.6582 0 0
929 -0.0781 -0.5416 0 0
930 -0.1094 -0.7207 0 0
931 -0.0937 -0.6624 0 0
932 -0.0781 -0.6666 0 0
933 -0.0781 -0.6041 0 0
934 -0.0781 -0.7291 0 0
935 -0.0625 -0.6708 0 0
936 -0.0625 -0.5458 0 0
937 -0.1250 -0.7790 0 0
938 -0.1094 -0.7832 0 0
939 -0.1094 -0.8457 0 0
940 -0.0938 -0.7874 0 0
941 -0.1250 -0.9040 0 0
942 -0.1094 -0.9082 0 0
943 -0.0781 -0.7916 0 0
944 -0.0469 -0.5499 0 0
945 -0.0469 -0.6124 0 0
946 -0.0313 -0.5541 0 0
947 -0.0469 -0.6749 0 0
948 -0.0156 -0.5583 0 0
949 -0.1406 -0.5873 0 0
950 -0.1562 -0.6456 0 0
951 -0.1406 -0.6498 0 0
952 -0.1719 -0.7039 0 0
953 -0.1406 -0.7123 0 0
954 -0.1875 -0.7623 0 0
955 -0.1719 -0.7664 0 0
956 -0.1719 -0.8289 0 0
957 -0.1562 -0.7706 0 0
958 -0.1875 -0.8873 0 0
959 -0.1719 -0.8914 0 0
960 -0.1406 -0.7748 0 0
961 -0.2031 -0.8206 0 0
962 -0.2187 -0.8789 0 0
963 -0.2031 -0.8831 0 0
964 -0.2344 -0.9372 0 0
965 -0.2031 -0.9456 0 0
966 -0.1406 -0.8373 0 0
967 -0.1562 -0.8956 0 0
968 -0.1406 -0.8998 0 0
969 -0.1719 -0.9539 0 0
970 -0.1406 -0.9623 0 0
971 -0.0156 -0.6208 0 0
972 -0.0000 -0.5625 0 0
973 -0.0313 -0.6791 0 0
974 -0.0156 -0.6833 0 0
975 -0.0469 -0.7374 0 0
976 -0.0156 -0.7458 0 0
977 -0.0000 -0.6875 0 0
978 -0.0625 -0.7958 0 0
979 -0.0469 -0.7999 0 0
980 -0.0469 -0.8624 0 0
981 -0.0313 -0.8041 0 0
982 -0.0625 -0.9208 0 0
983 -0.0469 -0.9249 0 0
984 -0.0156 -0.8083 0 0
985 -0.0781 -0.8541 0 0
986 -0.0938 -0.9124 0 0
987 -0.0781 -0.9166 0 0
988 -0.1094 -0.9707 0 0
989 -0.0781 -0.9791 0 0
990 -0.0156 -0.8708 0 0
991 -0.0000 -0.8125 0 0
992 -0.0313 -0.9291 0 0
993 -0.0156 -0.9333 0 0
994 -0.0469 -0.9874 0 0
995 -0.0156 -0.9958 0 0
996 -0.0000 -0.9375 0 0
997 0.0156 -0.1208 0 0
998 0.0156 -0.0583 0 0
999 0.0156 -0.1833 0 0
1000 0.0313 -0.1791 0 0
1001 0.0156 -0.2458 0 0
1002 0.0469 -0.2374 0 0
1003 0.0469 -0.1749 0 0
1004 0.0156 -0.3083 0 0
1005 0.0312 -0.3041 0 0
1006 0.0469 -0.3624 0 0
1007 0.0469 -0.2999 0 0
1008 0.0469 -0.4249 0 0
1009 0.0625 -0.4208 0 0
1010 0.0625 -0.2958 0 0
1011 0.0156 -0.3708 0 0
1012 0.0156 -0.4333 0 0
1013 0.0312 -0.4291 0 0
1014 0.0156 -0.4958 0 0
1015 0.0469 -0.4874 0 0
1016 0.0781 -0.3541 0 0
1017 0.0781 -0.2916 0 0
1018 0.0781 -0.4166 0 0
1019 0.0938 -0.4124 0 0
1020 0.0781 -0.4791 0 0
1021 0.1094 -0.4707 0 0
1022 0.1094 -0.4082 0 0
1023 0.0156 -0.5583 0 0
1024 0.0312 -0.5541 0 0
1025 0.0469 -0.6124 0 0
1026 0.0469 -0.5499 0 0
1027 0.0469 -0.6749 0 0
1028 0.0625 -0.6708 0 0
1029 0.0625 -0.5458 0 0
1030 0.0781 -0.7291 0 0
1031 0.0781 -0.6666 0 0
1032 0.0938 -0.6624 0 0
1033 0.0781 -0.6041 0 0
1034 0.1094 -0.7207 0 0
1035 0.1094 -0.6582 0 0
1036 0.0781 -0.5416 0 0
1037 0.0781 -0.7916 0 0
1038 0.0938 -0.7874 0 0
1039 0.1094 -0.8457 0 0
1040 0.1094 -0.7832 0 0
1041 0.1094 -0.9082 0 0
1042 0.1250 -0.9040 0 0
1043 0.1250 -0.7790 0 0
1044 0.0938 -0.5374 0 0
1045 0.1094 -0.5957 0 0
1046 0.1094 -0.5332 0 0
1047 0.1250 -0.6540 0 0
1048 0.1250 -0.5290 0 0
1049 0.0156 -0.6208 0 0
1050 0.0156 -0.6833 0 0
1051 0.0312 -0.6791 0 0
1052 0.0156 -0.7458 0 0
1053 0.0469 -0.7374 0 0
1054 0.0156 -0.8083 0 0
1055 0.0312 -0.8041 0 0
1056 0.0469 -0.8624 0 0
1057 0.0469 -0.7999 0 0
1058 0.0469 -0.9249 0 0
1059 0.0625 -0.9208 0 0
1060 0.0625 -0.7958 0 0
1061 0.0156 -0.8708 0 0
1062 0.0156 -0.9333 0 0
1063 0.0312 -0.9291 0 0
1064 0.0156 -0.9958 0 0
1065 0.0469 -0.9874 0 0
1066 0.0781 -0.8541 0 0
1067 0.0781 -0.9166 0 0
1068 0.0937 -0.9124 0 0
1069 0.0781 -0.9791 0 0
1070 0.1094 -0.9707 0 0
1071 0.1406 -0.5873 0 0
1072 0.1406 -0.5248 0 0
1073 0.1406 -0.6498 0 0
1074 0.1563 -0.6456 0 0
1075 0.1406 -0.7123 0 0
1076 0.1719 -0.7039 0 0
1077 0.1719 -0.6414 0 0
1078 0.1406 -0.7748 0 0
1079 0.1563 -0.7706 0 0
1080 0.1719 -0.8289 0 0
1081 0.1719 -0.7664 0 0
1082 0.1719 -0.8914 0 0
1083 0.1875 -0.8873 0 0
1084 0.1875 -0.7623 0 0
1085 0.1406 -0.8373 0 0
1086 0.1406 -0.8998 0 0
1087 0.1563 -0.8956 0 0
1088 0.1406 -0.9623 0 0
1089 0.1719 -0.9539 0 0
1090 0.2031 -0.8206 0 0
1091 0.2031 -0.7581 0 0
1092 0.2031 -0.8831 0 0
1093 0.2188 -0.8789 0 0
1094 0.2031 -0.9456 0 0
1095 0.2344 -0.9372 0 0
1096 0.2344 -0.8747 0 0
1097 0.0427 -0.1052 0 0
1098 0.0271 -0.0469 0 0
1099 0.0583 -0.1635 0 0
1100 0.0698 -0.1521 0 0
1101 0.0739 -0.2218 0 0
1102 0.0968 -0.1989 0 0
1103 0.0812 -0.1406 0 0
1104 0.0896 -0.2801 0 0
1105 0.1010 -0.2687 0 0
1106 0.1281 -0.3156 0 0
1107 0.1124 -0.2573 0 0
1108 0.1437 -0.3739 0 0
1109 0.1551 -0.3624 0 0
1110 0.1239 -0.2458 0 0
1111 0.1052 -0.3384 0 0
1112 0.1208 -0.3968 0 0
1113 0.1323 -0.3853 0 0
1114 0.1364 -0.4551 0 0
1115 0.1593 -0.4322 0 0
1116 0.1509 -0.2927 0 0
1117 0.1353 -0.2344 0 0
1118 0.1666 -0.3510 0 0
1119 0.1780 -0.3396 0 0
1120 0.1822 -0.4093 0 0
1121 0.2051 -0.3864 0 0
1122 0.1894 -0.3281 0 0
1123 0.1521 -0.5134 0 0
1124 0.1635 -0.5019 0 0
1125 0.1906 -0.5488 0 0
1126 0.1749 -0.4905 0 0
1127 0.2062 -0.6071 0 0
1128 0.2176 -0.5957 0 0
1129 0.1864 -0.4791 0 0
1130 0.2447 -0.6426 0 0
1131 0.2291 -0.5843 0 0
1132 0.2405 -0.5728 0 0
1133 0.2134 -0.5259 0 0
1134 0.2676 -0.6197 0 0
1135 0.2519 -0.5614 0 0
1136 0.1978 -0.4676 0 0
1137 0.2603 -0.7009 0 0
1138 0.2718 -0.6894 0 0
1139 0.2988 -0.7363 0 0
1140 0.2832 -0.6780 0 0
1141 0.3144 -0.7946 0 0
1142 0.3259 -0.7832 0 0
1143 0.2946 -0.6666 0 0
1144 0.2093 -0.4562 0 0
1145 0.2363 -0.5031 0 0
1146 0.2207 -0.4448 0 0
1147 0.2634 -0.5499 0 0
1148 0.2321 -0.4333 0 0
1149 0.1677 -0.5717 0 0
1150 0.1833 -0.6300 0 0
1151 0.1948 -0.6186 0 0
1152 0.1989 -0.6883 0 0
1153 0.2218 -0.6654 0 0
1154 0.2146 -0.7466 0 0
1155 0.2260 -0.7352 0 0
1156 0.2531 -0.7821 0 0
1157 0.2374 -0.7238 0 0
1158 0.2687 -0.8404 0 0
1159 0.2801 -0.8289 0 0
1160 0.2489 -0.7123 0 0
1161 0.2302 -0.8049 0 0
1162 0.2458 -0.8633 0 0
1163 0.2573 -0.8518 0 0
1164 0.2614 -0.9216 0 0
1165 0.2843 -0.8987 0 0
1166 0.2759 -0.7592 0 0
1167 0.2916 -0.8175 0 0
1168 0.3030 -0.8061 0 0
1169 0.3072 -0.8758 0 0
1170 0.3301 -0.8529 0 0
1171 0.2592 -0.4802 0 0
1172 0.2436 -0.4219 0 0
1173 0.2748 -0.5385 0 0
1174 0.2863 -0.5271 0 0
1175 0.2904 -0.5968 0 0
1176 0.3133 -0.5739 0 0
1177 0.2977 -0.5156 0 0
1178 0.3061 -0.6551 0 0
1179 0.3175 -0.6437 0 0
1180 0.3446 -0.6906 0 0
1181 0.3289 -0.6323 0 0
1182 0.3602 -0.7489 0 0
1183 0.3716 -0.7374 0 0
1184 0.3404 -0.6208 0 0
1185 0.3217 -0.7134 0 0
1186 0.3373 -0.7718 0 0
1187 0.3488 -0.7603 0 0
1188 0.3529 -0.8301 0 0
1189 0.3758 -0.8072 0 0
1190 0.3674 -0.6677 0 0
1191 0.3518 -0.6094 0 0
1192 0.3831 -0.7260 0 0
1193 0.3945 -0.7146 0 0
1194 0.3987 -0.7843 0 0
1195 0.4216 -0.7614 0 0
1196 0.4059 -0.7031 0 0
1197 0.0583 -0.0781 0 0
1198 0.0854 -0.1250 0 0
1199 0.0896 -0.1094 0 0
1200 0.1124 -0.1719 0 0
1201 0.1208 -0.1406 0 0
1202 0.1395 -0.2188 0 0
1203 0.1437 -0.2031 0 0
1204 0.1749 -0.2344 0 0
1205 0.1479 -0.1875 0 0
1206 0.2020 -0.2813 0 0
1207 0.2062 -0.2656 0 0
1208 0.1521 -0.1719 0 0
1209 0.1666 -0.2656 0 0
1210 0.1936 -0.3125 0 0
1211 0.1978 -0.2969 0 0
1212 0.2207 -0.3594 0 0
1213 0.2291 -0.3281 0 0
1214 0.1833 -0.2031 0 0
1215 0.2104 -0.2500 0 0
1216 0.2146 -0.2344 0 0
1217 0.2374 -0.2969 0 0
1218 0.2458 -0.2656 0 0
1219 0.2478 -0.4063 0 0
1220 0.2519 -0.3906 0 0
1221 0.2832 -0.4219 0 0
1222 0.2561 -0.3750 0 0
1223 0.3103 -0.4688 0 0
1224 0.3144 -0.4531 0 0
1225 0.2603 -0.3594 0 0
1226 0.3457 -0.4844 0 0
1227 0.3186 -0.4375 0 0
1228 0.3228 -0.4219 0 0
1229 0.2916 -0.3906 0 0
1230 0.3541 -0.4531 0 0
1231 0.3270 -0.4063 0 0
1232 0.2645 -0.3438 0 0
1233 0.3728 -0.5313 0 0
1234 0.3769 -0.5156 0 0
1235 0.4082 -0.5469 0 0
1236 0.3811 -0.5000 0 0
1237 0.4353 -0.5938 0 0
1238 0.4394 -0.5781 0 0
1239 0.3853 -0.4844 0 0
1240 0.2687 -0.3281 0 0
1241 0.2999 -0.3594 0 0
1242 0.2729 -0.3125 0 0
1243 0.3312 -0.3906 0 0
1244 0.2771 -0.2969 0 0
1245 0.2748 -0.4531 0 0
1246 0.3019 -0.5000 0 0
1247 0.3061 -0.4844 0 0
1248 0.3289 -0.5469 0 0
1249 0.3373 -0.5156 0 0
1250 0.3560 -0.5938 0 0
1251 0.3602 -0.5781 0 0
1252 0.3914 -0.6094 0 0
1253 0.3644 -0.5625 0 0
1254 0.4185 -0.6563 0 0
1255 0.4227 -0.6406 0 0
1256 0.3686 -0.5469 0 0
1257 0.3831 -0.6406 0 0
1258 0.4101 -0.6875 0 0
1259 0.4143 -0.6719 0 0
1260 0.4372 -0.7344 0 0
1261 0.4456 -0.7031 0 0
1262 0.3998 -0.5781 0 0
1263 0.4269 -0.6250 0 0
1264 0.4311 -0.6094 0 0
1265 0.4539 -0.6719 0 0
1266 0.4623 -0.6406 0 0
1267 0.3083 -0.3281 0 0
1268 0.3354 -0.3750 0 0
1269 0.3396 -0.3594 0 0
1270 0.3624 -0.4219 0 0
1271 0.3708 -0.3906 0 0
1272 0.3895 -0.4688 0 0
1273 0.3937 -0.4531 0 0
1274 0.4249 -0.4844 0 0
1275 0.3979 -0.4375 0 0
1276 0.4520 -0.5313 0 0
1277 0.4562 -0.5156 0 0
1278 0.4021 -0.4219 0 0
1279 0.4166 -0.5156 0 0
1280 0.4436 -0.5625 0 0
1281 0.4478 -0.5469 0 0
1282 0.4707 -0.6094 0 0
1283 0.4791 -0.5781 0 0
1284 0.4333 -0.4531 0 0
1285 0.4604 -0.5000 0 0
1286 0.4646 -0.4844 0 0
1287 0.4874 -0.5469 0 0
1288 0.4958 -0.5156 0 0
1289 -0.5271 -0.5469 0 0
1290 -0.5583 -0.5781 0 0
1291 -0.5229 -0.5625 0 0
1292 -0.5896 -0.6094 0 0
1293 -0.5187 -0.5781 0 0
1294 -0.6208 -0.6406 0 0
1295 -0.5854 -0.6250 0 0
1296 -0.5812 -0.6406 0 0
1297 -0.5499 -0.6094 0 0
1298 -0.6124 -0.6719 0 0
1299 -0.5770 -0.6562 0 0
1300 -0.5145 -0.5937 0 0
1301 -0.6521 -0.6719 0 0
1302 -0.6833 -0.7031 0 0
1303 -0.6479 -0.6875 0 0
1304 -0.7146 -0.7344 0 0
1305 -0.6437 -0.7031 0 0
1306 -0.5103 -0.6094 0 0
1307 -0.5416 -0.6406 0 0
1308 -0.5061 -0.6250 0 0
1309 -0.5728 -0.6719 0 0
1310 -0.5019 -0.6406 0 0
1311 -0.7458 -0.7656 0 0
1312 -0.7104 -0.7500 0 0
1313 -0.7062 -0.7656 0 0
1314 -0.6749 -0.7344 0 0
1315 -0.7374 -0.7969 0 0
1316 -0.7020 -0.7812 0 0
1317 -0.6395 -0.7187 0 0
1318 -0.6978 -0.7969 0 0
1319 -0.6666 -0.7656 0 0
1320 -0.6311 -0.7500 0 0
1321 -0.6353 -0.7344 0 0
1322 -0.6269 -0.7656 0 0
1323 -0.5957 -0.7344 0 0
1324 -0.6041 -0.7031 0 0
1325 -0.7291 -0.8281 0 0
1326 -0.6936 -0.8125 0 0
1327 -0.6894 -0.8281 0 0
1328 -0.6582 -0.7969 0 0
1329 -0.7207 -0.8594 0 0
1330 -0.6853 -0.8437 0 0
1331 -0.6228 -0.7812 0 0
1332 -0.5686 -0.6875 0 0
1333 -0.5644 -0.7031 0 0
1334 -0.5332 -0.6719 0 0
1335 -0.5603 -0.7187 0 0
1336 -0.4978 -0.6562 0 0
1337 -0.7771 -0.7969 0 0
1338 -0.8083 -0.8281 0 0
1339 -0.7729 -0.8125 0 0
1340 -0.8396 -0.8594 0 0
1341 -0.7687 -0.8281 0 0
1342 -0.8708 -0.8906 0 0
1343 -0.8354 -0.8750 0 0
1344 -0.8312 -0.8906 0 0
1345 -0.7999 -0.8594 0 0
1346 -0.8624 -0.9219 0 0
1347 -0.8270 -0.9062 0 0
1348 -0.7645 -0.8437 0 0
1349 -0.9021 -0.9219 0 0
1350 -0.9333 -0.9531 0 0
1351 -0.8979 -0.9375 0 0
1352 -0.9646 -0.9844 0 0
1353 -0.8937 -0.9531 0 0
1354 -0.7603 -0.8594 0 0
1355 -0.7916 -0.8906 0 0
1356 -0.7561 -0.8750 0 0
1357 -0.8228 -0.9219 0 0
1358 -0.7519 -0.8906 0 0
1359 -0.4936 -0.6719 0 0
1360 -0.5248 -0.7031 0 0
1361 -0.4894 -0.6875 0 0
1362 -0.5561 -0.7344 0 0
1363 -0.4852 -0.7031 0 0
1364 -0.5873 -0.7656 0 0
1365 -0.5519 -0.7500 0 0
1366 -0.5477 -0.7656 0 0
1367 -0.5164 -0.7344 0 0
1368 -0.5789 -0.7969 0 0
1369 -0.5435 -0.7812 0 0
1370 -0.4810 -0.7187 0 0
1371 -0.6186 -0.7969 0 0
1372 -0.6498 -0.8281 0 0
1373 -0.6144 -0.8125 0 0
1374 -0.6811 -0.8594 0 0
1375 -0.6102 -0.8281 0 0
1376 -0.4768 -0.7344 0 0
1377 -0.5081 -0.7656 0 0
1378 -0.4726 -0.7500 0 0
1379 -0.5393 -0.7969 0 0
1380 -0.4684 -0.7656 0 0
1381 -0.4955 -0.8125 0 0
1382 -0.4601 -0.7969 0 0
1383 -0.5309 -0.8281 0 0
1384 -0.5226 -0.8594 0 0
1385 -0.5664 -0.8437 0 0
1386 -0.5496 -0.9062 0 0
1387 -0.5142 -0.8906 0 0
1388 -0.6018 -0.8594 0 0
1389 -0.5934 -0.8906 0 0
1390 -0.6205 -0.9375 0 0
1391 -0.5851 -0.9219 0 0
1392 -0.6559 -0.9531 0 0
1393 -0.6476 -0.9844 0 0
1394 -0.5767 -0.9531 0 0
1395 -0.6373 -0.8750 0 0
1396 -0.6727 -0.8906 0 0
1397 -0.6643 -0.9219 0 0
1398 -0.7081 -0.9062 0 0
1399 -0.6914 -0.9687 0 0
1400 -0.6038 -1.0000 0 0
1401 -0.5683 -0.9844 0 0
1402 -0.6392 -1.0156 0 0
1403 -0.6308 -1.0469 0 0
1404 -0.6746 -1.0312 0 0
1405 -0.6579 -1.0937 0 0
1406 -0.6225 -1.0781 0 0
1407 -0.7477 -0.9230 0 0
1408 -0.7393 -0.9542 0 0
1409 -0.7705 -1.0022 0 0
1410 -0.7309 -0.9855 0 0
1411 -0.8100 -1.0189 0 0
1412 -0.8017 -1.0502 0 0
1413 -0.7226 -1.0167 0 0
1414 -0.8328 -1.0982 0 0
1415 -0.7933 -1.0814 0 0
1416 -0.7849 -1.1127 0 0
1417 -0.7537 -1.0647 0 0
1418 -0.8161 -1.1607 0 0
1419 -0.7765 -1.1439 0 0
1420 -0.7142 -1.0480 0 0
1421 -0.8724 -1.1149 0 0
1422 -0.8640 -1.1461 0 0
1423 -0.8952 -1.1941 0 0
1424 -0.8556 -1.1774 0 0
1425 -0.9347 -1.2108 0 0
1426 -0.9264 -1.2421 0 0
1427 -0.8473 -1.2086 0 0
1428 -0.7058 -1.0792 0 0
1429 -0.7370 -1.1272 0 0
1430 -0.6974 -1.1105 0 0
1431 -0.7682 -1.1752 0 0
1432 -0.6891 -1.1417 0 0
1433 -0.7831 -0.9386 0 0
1434 -0.8186 -0.9542 0 0
1435 -0.8143 -0.9866 0 0
1436 -0.8540 -0.9699 0 0
1437 -0.8455 -1.0346 0 0
1438 -0.8916 -0.9858 0 0
1439 -0.8873 -1.0181 0 0
1440 -0.9206 -1.0664 0 0
1441 -0.8830 -1.0505 0 0
1442 -0.9581 -1.0823 0 0
1443 -0.9539 -1.1146 0 0
1444 -0.8788 -1.0828 0 0
1445 -0.9270 -1.0014 0 0
1446 -0.9635 -1.0171 0 0
1447 -0.9614 -1.0497 0 0
1448 -0.9100 -1.1308 0 0
1449 -0.9486 -1.1469 0 0
1450 -0.9422 -1.1790 0 0
1451 -0.7161 -1.1886 0 0
1452 -0.6766 -1.1719 0 0
1453 -0.7557 -1.2053 0 0
1454 -0.7432 -1.2355 0 0
1455 -0.7952 -1.2221 0 0
1456 -0.7703 -1.2824 0 0
1457 -0.7307 -1.2656 0 0
1458 -0.8368 -1.2396 0 0
1459 -0.8243 -1.2698 0 0
1460 -0.8533 -1.3174 0 0
1461 -0.8118 -1.2999 0 0
1462 -0.8948 -1.3350 0 0
1463 -0.8824 -1.3651 0 0
1464 -0.7993 -1.3300 0 0
1465 -0.8763 -1.2563 0 0
1466 -0.9169 -1.2734 0 0
1467 -0.9064 -1.3044 0 0
1468 -0.8264 -1.3769 0 0
1469 -0.7848 -1.3594 0 0
1470 -0.8688 -1.3949 0 0
1471 -0.8544 -1.4243 0 0
1472 -0.8390 -1.4531 0 0
1473 -0.4486 -0.8083 0 0
1474 -0.4757 -0.8552 0 0
1475 -0.4372 -0.8198 0 0
1476 -0.5028 -0.9021 0 0
1477 -0.4258 -0.8312 0 0
1478 -0.5298 -0.9489 0 0
1479 -0.4913 -0.9135 0 0
1480 -0.4799 -0.9249 0 0
1481 -0.4528 -0.8781 0 0
1482 -0.5070 -0.9718 0 0
1483 -0.4684 -0.9364 0 0
1484 -0.4143 -0.8426 0 0
1485 -0.5569 -0.9958 0 0
1486 -0.5840 -1.0427 0 0
1487 -0.5455 -1.0073 0 0
1488 -0.6110 -1.0896 0 0
1489 -0.5340 -1.0187 0 0
1490 -0.4029 -0.8541 0 0
1491 -0.4299 -0.9009 0 0
1492 -0.3914 -0.8655 0 0
1493 -0.4570 -0.9478 0 0
1494 -0.3800 -0.8769 0 0
1495 -0.6381 -1.1364 0 0
1496 -0.5996 -1.1010 0 0
1497 -0.5881 -1.1124 0 0
1498 -0.5611 -1.0656 0 0
1499 -0.6152 -1.1593 0 0
1500 -0.5767 -1.1239 0 0
1501 -0.5226 -1.0301 0 0
1502 -0.5653 -1.1353 0 0
1503 -0.5382 -1.0884 0 0
1504 -0.4997 -1.0530 0 0
1505 -0.5111 -1.0416 0 0
1506 -0.4883 -1.0644 0 0
1507 -0.4612 -1.0176 0 0
1508 -0.4841 -0.9947 0 0
1509 -0.5923 -1.1822 0 0
1510 -0.5538 -1.1468 0 0
1511 -0.5424 -1.1582 0 0
1512 -0.5153 -1.1113 0 0
1513 -0.5695 -1.2051 0 0
1514 -0.5309 -1.1696 0 0
1515 -0.4768 -1.0759 0 0
1516 -0.4456 -0.9593 0 0
1517 -0.4341 -0.9707 0 0
1518 -0.4071 -0.9238 0 0
1519 -0.4227 -0.9821 0 0
1520 -0.3686 -0.8884 0 0
1521 -0.6651 -1.1833 0 0
1522 -0.6922 -1.2302 0 0
1523 -0.6537 -1.1948 0 0
1524 -0.7193 -1.2771 0 0
1525 -0.6423 -1.2062 0 0
1526 -0.7463 -1.3239 0 0
1527 -0.7078 -1.2885 0 0
1528 -0.6964 -1.2999 0 0
1529 -0.6693 -1.2531 0 0
1530 -0.7235 -1.3468 0 0
1531 -0.6850 -1.3114 0 0
1532 -0.6308 -1.2176 0 0
1533 -0.7734 -1.3708 0 0
1534 -0.8005 -1.4177 0 0
1535 -0.7620 -1.3823 0 0
1536 -0.8275 -1.4646 0 0
1537 -0.7505 -1.3937 0 0
1538 -0.6194 -1.2291 0 0
1539 -0.6465 -1.2759 0 0
1540 -0.6080 -1.2405 0 0
1541 -0.6735 -1.3228 0 0
1542 -0.5965 -1.2519 0 0
1543 -0.3571 -0.8998 0 0
1544 -0.3842 -0.9467 0 0
1545 -0.3457 -0.9113 0 0
1546 -0.4113 -0.9936 0 0
1547 -0.3343 -0.9227 0 0
1548 -0.4383 -1.0404 0 0
1549 -0.3998 -1.0050 0 0
1550 -0.3884 -1.0164 0 0
1551 -0.3613 -0.9696 0 0
1552 -0.4154 -1.0633 0 0
1553 -0.3769 -1.0279 0 0
1554 -0.3228 -0.9341 0 0
1555 -0.4654 -1.0873 0 0
1556 -0.4924 -1.1342 0 0
1557 -0.4539 -1.0988 0 0
1558 -0.5195 -1.1811 0 0
1559 -0.4425 -1.1102 0 0
1560 -0.3114 -0.9456 0 0
1561 -0.3384 -0.9924 0 0
1562 -0.2999 -0.9570 0 0
1563 -0.3655 -1.0393 0 0
1564 -0.2885 -0.9684 0 0
1565 -0.3041 -1.0268 0 0
1566 -0.2656 -0.9913 0 0
1567 -0.3426 -1.0622 0 0
1568 -0.3198 -1.0851 0 0
1569 -0.3811 -1.0976 0 0
1570 -0.3354 -1.1434 0 0
1571 -0.2969 -1.1080 0 0
1572 -0.4196 -1.1331 0 0
1573 -0.3968 -1.1559 0 0
1574 -0.4124 -1.2143 0 0
1575 -0.3739 -1.1788 0 0
1576 -0.4509 -1.2497 0 0
1577 -0.4280 -1.2726 0 0
1578 -0.3510 -1.2017 0 0
1579 -0.4581 -1.1685 0 0
1580 -0.4966 -1.2039 0 0
1581 -0.4738 -1.2268 0 0
1582 -0.5351 -1.2394 0 0
1583 -0.4894 -1.2851 0 0
1584 -0.3666 -1.2600 0 0
1585 -0.3281 -1.2246 0 0
1586 -0.4051 -1.2955 0 0
1587 -0.3823 -1.3183 0 0
1588 -0.4436 -1.3309 0 0
1589 -0.3979 -1.3766 0 0
1590 -0.3594 -1.3412 0 0
1591 -0.5766 -1.2778 0 0
1592 -0.5538 -1.3007 0 0
1593 -0.5724 -1.3620 0 0
1594 -0.5309 -1.3236 0 0
1595 -0.6139 -1.4005 0 0
1596 -0.5910 -1.4234 0 0
1597 -0.5080 -1.3465 0 0
1598 -0.6097 -1.4847 0 0
1599 -0.5682 -1.4462 0 0
1600 -0.5453 -1.4691 0 0
1601 -0.5267 -1.4078 0 0
1602 -0.5639 -1.5304 0 0
1603 -0.5224 -1.4920 0 0
1604 -0.4851 -1.3693 0 0
1605 -0.6512 -1.5231 0 0
1606 -0.6283 -1.5460 0 0
1607 -0.6470 -1.6073 0 0
1608 -0.6054 -1.5689 0 0
1609 -0.6885 -1.6458 0 0
1610 -0.6656 -1.6687 0 0
1611 -0.5826 -1.5918 0 0
1612 -0.4623 -1.3922 0 0
1613 -0.4809 -1.4535 0 0
1614 -0.4394 -1.4151 0 0
1615 -0.4995 -1.5149 0 0
1616 -0.4165 -1.4380 0 0
1617 -0.6152 -1.3133 0 0
1618 -0.6537 -1.3487 0 0
1619 -0.6338 -1.3746 0 0
1620 -0.6922 -1.3841 0 0
1621 -0.6524 -1.4359 0 0
1622 -0.7324 -1.4209 0 0
1623 -0.7125 -1.4468 0 0
1624 -0.7328 -1.5094 0 0
1625 -0.6926 -1.4727 0 0
1626 -0.7730 -1.5461 0 0
1627 -0.7532 -1.5720 0 0
1628 -0.6728 -1.4985 0 0
1629 -0.7709 -1.4563 0 0
1630 -0.8102 -1.4923 0 0
1631 -0.7921 -1.5195 0 0
1632 -0.6914 -1.5599 0 0
1633 -0.7324 -1.5973 0 0
1634 -0.7108 -1.6219 0 0
1635 -0.4321 -1.4963 0 0
1636 -0.3906 -1.4578 0 0
1637 -0.4737 -1.5347 0 0
1638 -0.4478 -1.5546 0 0
1639 -0.5152 -1.5732 0 0
1640 -0.4634 -1.6129 0 0
1641 -0.4219 -1.5745 0 0
1642 -0.5580 -1.6133 0 0
1643 -0.5321 -1.6332 0 0
1644 -0.5490 -1.6932 0 0
1645 -0.5062 -1.6531 0 0
1646 -0.5918 -1.7333 0 0
1647 -0.5659 -1.7532 0 0
1648 -0.4803 -1.6729 0 0
1649 -0.5995 -1.6518 0 0
1650 -0.6417 -1.6910 0 0
1651 -0.6171 -1.7126 0 0
1652 -0.4959 -1.7312 0 0
1653 -0.4531 -1.6911 0 0
1654 -0.5394 -1.7723 0 0
1655 -0.5122 -1.7904 0 0
1656 -0.4844 -1.8077 0 0
1657 -0.2500 -0.9955 0 0
1658 -0.2656 -1.0538 0 0
1659 -0.2344 -0.9997 0 0
1660 -0.2813 -1.1121 0 0
1661 -0.2187 -1.0039 0 0
1662 -0.2969 -1.1705 0 0
1663 -0.2656 -1.1163 0 0
1664 -0.2500 -1.1205 0 0
1665 -0.2344 -1.0622 0 0
1666 -0.2656 -1.1788 0 0
1667 -0.2344 -1.1247 0 0
1668 -0.2031 -1.0081 0 0
1669 -0.3125 -1.2288 0 0
1670 -0.3281 -1.2871 0 0
1671 -0.2969 -1.2330 0 0
1672 -0.3438 -1.3454 0 0
1673 -0.2813 -1.2371 0 0
1674 -0.1875 -1.0123 0 0
1675 -0.2031 -1.0706 0 0
1676 -0.1719 -1.0164 0 0
1677 -0.2188 -1.1289 0 0
1678 -0.1563 -1.0206 0 0
1679 -0.3594 -1.4037 0 0
1680 -0.3281 -1.3496 0 0
1681 -0.3125 -1.3538 0 0
1682 -0.2969 -1.2955 0 0
1683 -0.3281 -1.4121 0 0
1684 -0.2969 -1.3580 0 0
1685 -0.2656 -1.2413 0 0
1686 -0.2813 -1.3621 0 0
1687 -0.2656 -1.3038 0 0
1688 -0.2344 -1.2497 0 0
1689 -0.2500 -1.2455 0 0
1690 -0.2188 -1.2539 0 0
1691 -0.2031 -1.1956 0 0
1692 -0.2344 -1.1872 0 0
1693 -0.2969 -1.4205 0 0
1694 -0.2656 -1.3663 0 0
1695 -0.2500 -1.3705 0 0
1696 -0.2344 -1.3122 0 0
1697 -0.2656 -1.4288 0 0
1698 -0.2344 -1.3747 0 0
1699 -0.2031 -1.2581 0 0
1700 -0.2031 -1.1331 0 0
1701 -0.1875 -1.1373 0 0
1702 -0.1719 -1.0789 0 0
1703 -0.1719 -1.1414 0 0
1704 -0.1406 -1.0248 0 0
1705 -0.3750 -1.4620 0 0
1706 -0.3906 -1.5203 0 0
1707 -0.3594 -1.4662 0 0
1708 -0.4063 -1.5786 0 0
1709 -0.3438 -1.4704 0 0
1710 -0.4219 -1.6370 0 0
1711 -0.3906 -1.5828 0 0
1712 -0.3750 -1.5870 0 0
1713 -0.3594 -1.5287 0 0
1714 -0.3906 -1.6453 0 0
1715 -0.3594 -1.5912 0 0
1716 -0.3281 -1.4746 0 0
1717 -0.4375 -1.6953 0 0
1718 -0.4531 -1.7536 0 0
1719 -0.4219 -1.6995 0 0
1720 -0.4688 -1.8119 0 0
1721 -0.4063 -1.7036 0 0
1722 -0.3125 -1.4788 0 0
1723 -0.3281 -1.5371 0 0
1724 -0.2969 -1.4830 0 0
1725 -0.3438 -1.5954 0 0
1726 -0.2813 -1.4871 0 0
1727 -0.1250 -1.0290 0 0
1728 -0.1406 -1.0873 0 0
1729 -0.1094 -1.0332 0 0
1730 -0.1563 -1.1456 0 0
1731 -0.0938 -1.0374 0 0
1732 -0.1719 -1.2039 0 0
1733 -0.1406 -1.1498 0 0
1734 -0.1250 -1.1540 0 0
1735 -0.1094 -1.0957 0 0
1736 -0.1406 -1.2123 0 0
1737 -0.1094 -1.1582 0 0
1738 -0.0781 -1.0416 0 0
1739 -0.1875 -1.2623 0 0
1740 -0.2031 -1.3206 0 0
1741 -0.1719 -1.2664 0 0
1742 -0.2188 -1.3789 0 0
1743 -0.1563 -1.2706 0 0
1744 -0.0625 -1.0458 0 0
1745 -0.0781 -1.1041 0 0
1746 -0.0469 -1.0499 0 0
1747 -0.0938 -1.1624 0 0
1748 -0.0313 -1.0541 0 0
1749 -0.0313 -1.1166 0 0
1750 -0.0000 -1.0625 0 0
1751 -0.0625 -1.1708 0 0
1752 -0.0313 -1.1791 0 0
1753 -0.0938 -1.2249 0 0
1754 -0.0313 -1.2416 0 0
1755 -0.0000 -1.1875 0 0
1756 -0.1250 -1.2790 0 0
1757 -0.0938 -1.2874 0 0
1758 -0.0938 -1.3499 0 0
1759 -0.0625 -1.2958 0 0
1760 -0.1250 -1.4040 0 0
1761 -0.0938 -1.4124 0 0
1762 -0.0313 -1.3041 0 0
1763 -0.1563 -1.3331 0 0
1764 -0.1875 -1.3873 0 0
1765 -0.1563 -1.3956 0 0
1766 -0.2188 -1.4414 0 0
1767 -0.1563 -1.4581 0 0
1768 -0.0313 -1.3666 0 0
1769 -0.0000 -1.3125 0 0
1770 -0.0625 -1.4208 0 0
1771 -0.0313 -1.4291 0 0
1772 -0.0938 -1.4749 0 0
1773 -0.0313 -1.4916 0 0
1774 -0.0000 -1.4375 0 0
1775 -0.2511 -1.4996 0 0
1776 -0.2199 -1.5080 0 0
1777 -0.2210 -1.5746 0 0
1778 -0.1886 -1.5164 0 0
1779 -0.2533 -1.6329 0 0
1780 -0.2221 -1.6412 0 0
1781 -0.1574 -1.5247 0 0
1782 -0.2232 -1.7078 0 0
1783 -0.1908 -1.6496 0 0
1784 -0.1596 -1.6580 0 0
1785 -0.1585 -1.5914 0 0
1786 -0.1607 -1.7246 0 0
1787 -0.1283 -1.6663 0 0
1788 -0.1261 -1.5331 0 0
1789 -0.2555 -1.7661 0 0
1790 -0.2243 -1.7745 0 0
1791 -0.2254 -1.8411 0 0
1792 -0.1930 -1.7828 0 0
1793 -0.2577 -1.8993 0 0
1794 -0.2265 -1.9077 0 0
1795 -0.1618 -1.7912 0 0
1796 -0.0949 -1.5415 0 0
1797 -0.0960 -1.6081 0 0
1798 -0.0636 -1.5499 0 0
1799 -0.0971 -1.6747 0 0
1800 -0.0324 -1.5582 0 0
1801 -0.2824 -1.5538 0 0
1802 -0.3136 -1.6079 0 0
1803 -0.2835 -1.6204 0 0
1804 -0.3449 -1.6620 0 0
1805 -0.2846 -1.6870 0 0
1806 -0.3769 -1.7181 0 0
1807 -0.3468 -1.7306 0 0
1808 -0.3487 -1.7992 0 0
1809 -0.3166 -1.7431 0 0
1810 -0.3808 -1.8553 0 0
1811 -0.3506 -1.8678 0 0
1812 -0.2865 -1.7556 0 0
1813 -0.4082 -1.7722 0 0
1814 -0.4399 -1.8273 0 0
1815 -0.4106 -1.8418 0 0
1816 -0.2876 -1.8222 0 0
1817 -0.3200 -1.8793 0 0
1818 -0.2890 -1.8898 0 0
1819 -0.0324 -1.6207 0 0
1820 -0.0000 -1.5625 0 0
1821 -0.0647 -1.6790 0 0
1822 -0.0324 -1.6832 0 0
1823 -0.0971 -1.7372 0 0
1824 -0.0324 -1.7457 0 0
1825 -0.0000 -1.6875 0 0
1826 -0.1297 -1.7976 0 0
1827 -0.0973 -1.8018 0 0
1828 -0.0976 -1.8665 0 0
1829 -0.0650 -1.8061 0 0
1830 -0.1302 -1.9268 0 0
1831 -0.0979 -1.9311 0 0
1832 -0.0326 -1.8104 0 0
1833 -0.1620 -1.8558 0 0
1834 -0.1946 -1.9151 0 0
1835 -0.1625 -1.9215 0 0
1836 -0.0326 -1.8729 0 0
1837 -0.0000 -1.8125 0 0
1838 -0.0653 -1.9343 0 0
1839 -0.0327 -1.9364 0 0
1840 -0.0000 -1.9375 0 0
1841 0.0156 -1.0583 0 0
1842 0.0156 -1.1208 0 0
1843 0.0312 -1.0541 0 0
1844 0.0156 -1.1833 0 0
1845 0.0469 -1.0499 0 0
1846 0.0156 -1.2458 0 0
1847 0.0312 -1.1791 0 0
1848 0.0469 -1.1749 0 0
1849 0.0469 -1.1124 0 0
1850 0.0469 -1.2374 0 0
1851 0.0625 -1.1708 0 0
1852 0.0625 -1.0458 0 0
1853 0.0156 -1.3083 0 0
1854 0.0156 -1.3708 0 0
1855 0.0312 -1.3041 0 0
1856 0.0156 -1.4333 0 0
1857 0.0469 -1.2999 0 0
1858 0.0781 -1.0416 0 0
1859 0.0781 -1.1041 0 0
1860 0.0937 -1.0374 0 0
1861 0.0781 -1.1666 0 0
1862 0.1094 -1.0332 0 0
1863 0.0156 -1.4958 0 0
1864 0.0312 -1.4291 0 0
1865 0.0469 -1.4249 0 0
1866 0.0469 -1.3624 0 0
1867 0.0469 -1.4874 0 0
1868 0.0625 -1.4208 0 0
1869 0.0625 -1.2958 0 0
1870 0.0781 -1.4166 0 0
1871 0.0781 -1.3541 0 0
1872 0.0937 -1.2874 0 0
1873 0.0781 -1.2916 0 0
1874 0.1094 -1.2832 0 0
1875 0.1094 -1.2207 0 0
1876 0.0781 -1.2291 0 0
1877 0.0781 -1.4791 0 0
1878 0.0937 -1.4124 0 0
1879 0.1094 -1.4082 0 0
1880 0.1094 -1.3457 0 0
1881 0.1094 -1.4707 0 0
1882 0.1250 -1.4040 0 0
1883 0.1250 -1.2790 0 0
1884 0.0937 -1.1624 0 0
1885 0.1094 -1.1582 0 0
1886 0.1094 -1.0957 0 0
1887 0.1250 -1.1540 0 0
1888 0.1250 -1.0290 0 0
1889 0.0156 -1.5583 0 0
1890 0.0156 -1.6208 0 0
1891 0.0312 -1.5541 0 0
1892 0.0156 -1.6833 0 0
1893 0.0469 -1.5499 0 0
1894 0.0156 -1.7458 0 0
1895 0.0312 -1.6791 0 0
1896 0.0469 -1.6749 0 0
1897 0.0469 -1.6124 0 0
1898 0.0469 -1.7374 0 0
1899 0.0625 -1.6708 0 0
1900 0.0625 -1.5458 0 0
1901 0.0156 -1.8083 0 0
1902 0.0156 -1.8708 0 0
1903 0.0312 -1.8041 0 0
1904 0.0156 -1.9333 0 0
1905 0.0469 -1.7999 0 0
1906 0.0781 -1.5416 0 0
1907 0.0781 -1.6041 0 0
1908 0.0937 -1.5374 0 0
1909 0.0781 -1.6666 0 0
1910 0.1094 -1.5332 0 0
1911 0.1406 -1.0248 0 0
1912 0.1406 -1.0873 0 0
1913 0.1562 -1.0206 0 0
1914 0.1406 -1.1498 0 0
1915 0.1719 -1.0164 0 0
1916 0.1406 -1.2123 0 0
1917 0.1562 -1.1456 0 0
1918 0.1719 -1.1414 0 0
1919 0.1719 -1.0789 0 0
1920 0.1719 -1.2039 0 0
1921 0.1875 -1.1373 0 0
1922 0.1875 -1.0123 0 0
1923 0.1406 -1.2748 0 0
1924 0.1406 -1.3373 0 0
1925 0.1562 -1.2706 0 0
1926 0.1406 -1.3998 0 0
1927 0.1719 -1.2664 0 0
1928 0.2031 -1.0081 0 0
1929 0.2031 -1.0706 0 0
1930 0.2188 -1.0039 0 0
1931 0.2031 -1.1331 0 0
1932 0.2344 -0.9997 0 0
1933 0.2500 -1.0580 0 0
1934 0.2656 -0.9913 0 0
1935 0.2344 -1.1247 0 0
1936 0.2656 -1.1163 0 0
1937 0.2187 -1.1914 0 0
1938 0.2812 -1.1746 0 0
1939 0.2969 -1.1080 0 0
1940 0.2031 -1.2581 0 0
1941 0.2344 -1.2497 0 0
1942 0.2500 -1.3080 0 0
1943 0.2656 -1.2413 0 0
1944 0.2344 -1.3747 0 0
1945 0.2656 -1.3663 0 0
1946 0.2969 -1.2330 0 0
1947 0.1875 -1.3248 0 0
1948 0.1719 -1.3914 0 0
1949 0.2031 -1.3831 0 0
1950 0.1562 -1.4581 0 0
1951 0.2187 -1.4414 0 0
1952 0.3125 -1.2913 0 0
1953 0.3281 -1.2246 0 0
1954 0.2969 -1.3580 0 0
1955 0.3281 -1.3496 0 0
1956 0.2812 -1.4246 0 0
1957 0.3437 -1.4079 0 0
1958 0.3594 -1.3412 0 0
1959 0.1417 -1.5289 0 0
1960 0.1730 -1.5206 0 0
1961 0.1897 -1.5830 0 0
1962 0.2042 -1.5122 0 0
1963 0.1752 -1.6538 0 0
1964 0.2064 -1.6454 0 0
1965 0.2355 -1.5038 0 0
1966 0.2232 -1.7078 0 0
1967 0.2377 -1.6370 0 0
1968 0.2689 -1.6287 0 0
1969 0.2522 -1.5662 0 0
1970 0.2857 -1.6911 0 0
1971 0.3002 -1.6203 0 0
1972 0.2667 -1.4954 0 0
1973 0.2086 -1.7786 0 0
1974 0.2399 -1.7703 0 0
1975 0.2566 -1.8327 0 0
1976 0.2711 -1.7619 0 0
1977 0.2421 -1.9035 0 0
1978 0.2733 -1.8951 0 0
1979 0.3024 -1.7535 0 0
1980 0.2980 -1.4871 0 0
1981 0.3147 -1.5495 0 0
1982 0.3292 -1.4787 0 0
1983 0.3314 -1.6119 0 0
1984 0.3605 -1.4703 0 0
1985 0.1261 -1.5956 0 0
1986 0.1105 -1.6623 0 0
1987 0.1428 -1.6580 0 0
1988 0.0949 -1.7290 0 0
1989 0.1596 -1.7205 0 0
1990 0.0795 -1.7978 0 0
1991 0.1119 -1.7935 0 0
1992 0.1289 -1.8581 0 0
1993 0.1442 -1.7893 0 0
1994 0.1135 -1.9269 0 0
1995 0.1459 -1.9226 0 0
1996 0.1766 -1.7850 0 0
1997 0.0639 -1.8645 0 0
1998 0.0483 -1.9322 0 0
1999 0.0810 -1.9301 0 0
2000 0.1933 -1.8475 0 0
2001 0.1782 -1.9173 0 0
2002 0.2102 -1.9109 0 0
2003 0.3761 -1.5286 0 0
2004 0.3906 -1.4578 0 0
2005 0.3616 -1.5994 0 0
2006 0.3917 -1.5869 0 0
2007 0.3471 -1.6702 0 0
2008 0.4074 -1.6453 0 0
2009 0.4219 -1.5745 0 0
2010 0.3334 -1.7430 0 0
2011 0.3635 -1.7305 0 0
2012 0.3799 -1.7908 0 0
2013 0.3936 -1.7180 0 0
2014 0.3662 -1.8636 0 0
2015 0.3964 -1.8511 0 0
2016 0.4238 -1.7055 0 0
2017 0.3188 -1.8138 0 0
2018 0.3047 -1.8856 0 0
2019 0.3356 -1.8751 0 0
2020 0.4394 -1.7639 0 0
2021 0.4531 -1.6911 0 0
2022 0.4262 -1.8376 0 0
2023 0.4555 -1.8231 0 0
2024 0.4844 -1.8077 0 0
2025 0.2771 -0.9799 0 0
2026 0.2927 -1.0382 0 0
2027 0.2885 -0.9684 0 0
2028 0.3083 -1.0965 0 0
2029 0.2999 -0.9570 0 0
2030 0.3239 -1.1548 0 0
2031 0.3198 -1.0851 0 0
2032 0.3312 -1.0736 0 0
2033 0.3156 -1.0153 0 0
2034 0.3468 -1.1320 0 0
2035 0.3426 -1.0622 0 0
2036 0.3114 -0.9456 0 0
2037 0.3396 -1.2131 0 0
2038 0.3552 -1.2715 0 0
2039 0.3510 -1.2017 0 0
2040 0.3708 -1.3298 0 0
2041 0.3624 -1.1903 0 0
2042 0.3228 -0.9341 0 0
2043 0.3384 -0.9924 0 0
2044 0.3343 -0.9227 0 0
2045 0.3541 -1.0508 0 0
2046 0.3457 -0.9113 0 0
2047 0.3864 -1.3881 0 0
2048 0.3823 -1.3183 0 0
2049 0.3937 -1.3069 0 0
2050 0.3781 -1.2486 0 0
2051 0.4093 -1.3652 0 0
2052 0.4051 -1.2955 0 0
2053 0.3739 -1.1788 0 0
2054 0.4166 -1.2840 0 0
2055 0.4009 -1.2257 0 0
2056 0.3968 -1.1559 0 0
2057 0.3853 -1.1674 0 0
2058 0.4082 -1.1445 0 0
2059 0.3926 -1.0862 0 0
2060 0.3697 -1.1091 0 0
2061 0.4322 -1.3423 0 0
2062 0.4280 -1.2726 0 0
2063 0.4394 -1.2611 0 0
2064 0.4238 -1.2028 0 0
2065 0.4551 -1.3195 0 0
2066 0.4509 -1.2497 0 0
2067 0.4196 -1.1331 0 0
2068 0.3655 -1.0393 0 0
2069 0.3769 -1.0279 0 0
2070 0.3613 -0.9696 0 0
2071 0.3884 -1.0164 0 0
2072 0.3571 -0.8998 0 0
2073 0.4021 -1.4464 0 0
2074 0.4177 -1.5047 0 0
2075 0.4135 -1.4350 0 0
2076 0.4333 -1.5630 0 0
2077 0.4249 -1.4235 0 0
2078 0.4489 -1.6213 0 0
2079 0.4448 -1.5516 0 0
2080 0.4562 -1.5401 0 0
2081 0.4406 -1.4818 0 0
2082 0.4718 -1.5985 0 0
2083 0.4676 -1.5287 0 0
2084 0.4364 -1.4121 0 0
2085 0.4646 -1.6796 0 0
2086 0.4802 -1.7380 0 0
2087 0.4760 -1.6682 0 0
2088 0.4958 -1.7963 0 0
2089 0.4874 -1.6568 0 0
2090 0.4478 -1.4006 0 0
2091 0.4634 -1.4590 0 0
2092 0.4593 -1.3892 0 0
2093 0.4791 -1.5173 0 0
2094 0.4707 -1.3778 0 0
2095 0.3686 -0.8884 0 0
2096 0.3842 -0.9467 0 0
2097 0.3800 -0.8769 0 0
2098 0.3998 -1.0050 0 0
2099 0.3914 -0.8655 0 0
2100 0.4154 -1.0633 0 0
2101 0.4113 -0.9936 0 0
2102 0.4227 -0.9821 0 0
2103 0.4071 -0.9238 0 0
2104 0.4383 -1.0404 0 0
2105 0.4341 -0.9707 0 0
2106 0.4029 -0.8541 0 0
2107 0.4311 -1.1216 0 0
2108 0.4467 -1.1799 0 0
2109 0.4425 -1.1102 0 0
2110 0.4623 -1.2383 0 0
2111 0.4539 -1.0988 0 0
2112 0.4143 -0.8426 0 0
2113 0.4299 -0.9009 0 0
2114 0.4258 -0.8312 0 0
2115 0.4456 -0.9593 0 0
2116 0.4372 -0.8198 0 0
2117 0.4643 -0.8666 0 0
2118 0.4601 -0.7969 0 0
2119 0.4684 -0.9364 0 0
2120 0.4913 -0.9135 0 0
2121 0.4726 -1.0061 0 0
2122 0.5184 -0.9604 0 0
2123 0.5142 -0.8906 0 0
2124 0.4768 -1.0759 0 0
2125 0.4997 -1.0530 0 0
2126 0.5268 -1.0999 0 0
2127 0.5226 -1.0301 0 0
2128 0.5309 -1.1696 0 0
2129 0.5538 -1.1468 0 0
2130 0.5455 -1.0073 0 0
2131 0.4810 -1.1456 0 0
2132 0.4852 -1.2154 0 0
2133 0.5081 -1.1925 0 0
2134 0.4894 -1.2851 0 0
2135 0.5351 -1.2394 0 0
2136 0.5725 -1.0541 0 0
2137 0.5683 -0.9844 0 0
2138 0.5767 -1.1239 0 0
2139 0.5996 -1.1010 0 0
2140 0.5809 -1.1936 0 0
2141 0.6266 -1.1479 0 0
2142 0.6225 -1.0781 0 0
2143 0.4966 -1.3579 0 0
2144 0.5195 -1.3350 0 0
2145 0.5495 -1.3849 0 0
2146 0.5423 -1.3121 0 0
2147 0.5567 -1.4577 0 0
2148 0.5796 -1.4348 0 0
2149 0.5652 -1.2893 0 0
2150 0.6097 -1.4847 0 0
2151 0.6025 -1.4119 0 0
2152 0.6254 -1.3890 0 0
2153 0.5953 -1.3392 0 0
2154 0.6554 -1.4389 0 0
2155 0.6482 -1.3662 0 0
2156 0.5881 -1.2664 0 0
2157 0.6169 -1.5574 0 0
2158 0.6398 -1.5346 0 0
2159 0.6698 -1.5845 0 0
2160 0.6626 -1.5117 0 0
2161 0.6770 -1.6572 0 0
2162 0.6999 -1.6343 0 0
2163 0.6855 -1.4888 0 0
2164 0.6110 -1.2435 0 0
2165 0.6410 -1.2934 0 0
2166 0.6338 -1.2206 0 0
2167 0.6711 -1.3433 0 0
2168 0.6567 -1.1978 0 0
2169 0.5008 -1.4277 0 0
2170 0.5050 -1.4974 0 0
2171 0.5308 -1.4775 0 0
2172 0.5091 -1.5672 0 0
2173 0.5609 -1.5274 0 0
2174 0.5146 -1.6386 0 0
2175 0.5405 -1.6187 0 0
2176 0.5719 -1.6703 0 0
2177 0.5664 -1.5989 0 0
2178 0.5774 -1.7418 0 0
2179 0.6033 -1.7219 0 0
2180 0.5923 -1.5790 0 0
2181 0.5188 -1.7084 0 0
2182 0.5236 -1.7790 0 0
2183 0.5508 -1.7608 0 0
2184 0.6224 -1.6289 0 0
2185 0.6286 -1.7011 0 0
2186 0.6532 -1.6796 0 0
2187 0.6838 -1.2446 0 0
2188 0.6766 -1.1719 0 0
2189 0.6910 -1.3174 0 0
2190 0.7108 -1.2915 0 0
2191 0.6982 -1.3902 0 0
2192 0.7379 -1.3384 0 0
2193 0.7307 -1.2656 0 0
2194 0.7071 -1.4642 0 0
2195 0.7269 -1.4383 0 0
2196 0.7557 -1.4865 0 0
2197 0.7468 -1.4125 0 0
2198 0.7646 -1.5606 0 0
2199 0.7845 -1.5347 0 0
2200 0.7667 -1.3866 0 0
2201 0.7143 -1.5370 0 0
2202 0.7223 -1.6105 0 0
2203 0.7438 -1.5859 0 0
2204 0.7937 -1.4334 0 0
2205 0.7848 -1.3594 0 0
2206 0.8035 -1.5081 0 0
2207 0.8217 -1.4809 0 0
2208 0.8390 -1.4531 0 0
2209 0.4643 -0.7813 0 0
2210 0.4913 -0.8281 0 0
2211 0.4684 -0.7656 0 0
2212 0.5184 -0.8750 0 0
2213 0.4726 -0.7500 0 0
2214 0.5455 -0.9219 0 0
2215 0.5226 -0.8594 0 0
2216 0.5268 -0.8438 0 0
2217 0.4997 -0.7969 0 0
2218 0.5538 -0.8906 0 0
2219 0.5309 -0.8281 0 0
2220 0.4768 -0.7344 0 0
2221 0.5725 -0.9688 0 0
2222 0.5996 -1.0156 0 0
2223 0.5767 -0.9531 0 0
2224 0.6266 -1.0625 0 0
2225 0.5809 -0.9375 0 0
2226 0.4810 -0.7188 0 0
2227 0.5081 -0.7656 0 0
2228 0.4852 -0.7031 0 0
2229 0.5351 -0.8125 0 0
2230 0.4894 -0.6875 0 0
2231 0.6537 -1.1094 0 0
2232 0.6308 -1.0469 0 0
2233 0.6350 -1.0313 0 0
2234 0.6080 -0.9844 0 0
2235 0.6621 -1.0781 0 0
2236 0.6392 -1.0156 0 0
2237 0.5851 -0.9219 0 0
2238 0.6434 -1.0000 0 0
2239 0.6163 -0.9531 0 0
2240 0.5934 -0.8906 0 0
2241 0.5893 -0.9063 0 0
2242 0.5976 -0.8750 0 0
2243 0.5706 -0.8281 0 0
2244 0.5622 -0.8594 0 0
2245 0.6705 -1.0469 0 0
2246 0.6476 -0.9844 0 0
2247 0.6518 -0.9688 0 0
2248 0.6247 -0.9219 0 0
2249 0.6788 -1.0156 0 0
2250 0.6559 -0.9531 0 0
2251 0.6018 -0.8594 0 0
2252 0.5393 -0.7969 0 0
2253 0.5435 -0.7813 0 0
2254 0.5164 -0.7344 0 0
2255 0.5477 -0.7656 0 0
2256 0.4936 -0.6719 0 0
2257 0.6808 -1.1563 0 0
2258 0.7078 -1.2031 0 0
2259 0.6850 -1.1406 0 0
2260 0.7349 -1.2500 0 0
2261 0.6891 -1.1250 0 0
2262 0.7620 -1.2969 0 0
2263 0.7391 -1.2344 0 0
2264 0.7433 -1.2188 0 0
2265 0.7162 -1.1719 0 0
2266 0.7703 -1.2656 0 0
2267 0.7475 -1.2031 0 0
2268 0.6933 -1.1094 0 0
2269 0.7890 -1.3438 0 0
2270 0.8161 -1.3906 0 0
2271 0.7932 -1.3281 0 0
2272 0.8431 -1.4375 0 0
2273 0.7974 -1.3125 0 0
2274 0.6975 -1.0938 0 0
2275 0.7246 -1.1406 0 0
2276 0.7017 -1.0781 0 0
2277 0.7516 -1.1875 0 0
2278 0.7059 -1.0625 0 0
2279 0.4978 -0.6563 0 0
2280 0.5248 -0.7031 0 0
2281 0.5019 -0.6406 0 0
2282 0.5519 -0.7500 0 0
2283 0.5061 -0.6250 0 0
2284 0.5789 -0.7969 0 0
2285 0.5561 -0.7344 0 0
2286 0.5603 -0.7188 0 0
2287 0.5332 -0.6719 0 0
2288 0.5873 -0.7656 0 0
2289 0.5644 -0.7031 0 0
2290 0.5103 -0.6094 0 0
2291 0.6060 -0.8438 0 0
2292 0.6331 -0.8906 0 0
2293 0.6102 -0.8281 0 0
2294 0.6601 -0.9375 0 0
2295 0.6144 -0.8125 0 0
2296 0.5145 -0.5938 0 0
2297 0.5416 -0.6406 0 0
2298 0.5187 -0.5781 0 0
2299 0.5686 -0.6875 0 0
2300 0.5229 -0.5625 0 0
2301 0.5541 -0.5938 0 0
2302 0.5770 -0.6563 0 0
2303 0.5854 -0.6250 0 0
2304 0.5999 -0.7188 0 0
2305 0.6166 -0.6563 0 0
2306 0.6228 -0.7813 0 0
2307 0.6311 -0.7500 0 0
2308 0.6624 -0.7813 0 0
2309 0.6395 -0.7188 0 0
2310 0.6853 -0.8438 0 0
2311 0.6936 -0.8125 0 0
2312 0.6479 -0.6875 0 0
2313 0.6456 -0.8438 0 0
2314 0.6685 -0.9063 0 0
2315 0.6769 -0.8750 0 0
2316 0.6914 -0.9688 0 0
2317 0.7081 -0.9063 0 0
2318 0.6791 -0.7188 0 0
2319 0.7020 -0.7813 0 0
2320 0.7104 -0.7500 0 0
2321 0.7249 -0.8438 0 0
2322 0.7416 -0.7813 0 0
2323 0.7184 -1.0324 0 0
2324 0.7268 -1.0011 0 0
2325 0.7621 -1.0335 0 0
2326 0.7351 -0.9699 0 0
2327 0.7891 -1.0971 0 0
2328 0.7975 -1.0658 0 0
2329 0.7435 -0.9386 0 0
2330 0.8328 -1.0982 0 0
2331 0.8059 -1.0346 0 0
2332 0.8142 -1.0033 0 0
2333 0.7789 -0.9710 0 0
2334 0.8496 -1.0357 0 0
2335 0.8226 -0.9721 0 0
2336 0.7519 -0.9074 0 0
2337 0.8598 -1.1618 0 0
2338 0.8682 -1.1305 0 0
2339 0.9036 -1.1629 0 0
2340 0.8766 -1.0993 0 0
2341 0.9306 -1.2265 0 0
2342 0.9389 -1.1952 0 0
2343 0.8850 -1.0680 0 0
2344 0.7602 -0.8761 0 0
2345 0.7956 -0.9085 0 0
2346 0.7686 -0.8449 0 0
2347 0.8310 -0.9408 0 0
2348 0.7770 -0.8136 0 0
2349 0.7413 -1.0949 0 0
2350 0.7641 -1.1574 0 0
2351 0.7766 -1.1272 0 0
2352 0.7870 -1.2199 0 0
2353 0.8120 -1.1596 0 0
2354 0.8119 -1.2832 0 0
2355 0.8243 -1.2530 0 0
2356 0.8617 -1.2862 0 0
2357 0.8368 -1.2229 0 0
2358 0.8865 -1.3495 0 0
2359 0.8990 -1.3194 0 0
2360 0.8493 -1.1927 0 0
2361 0.8347 -1.3457 0 0
2362 0.8586 -1.4086 0 0
2363 0.8730 -1.3793 0 0
2364 0.8847 -1.2251 0 0
2365 0.9106 -1.2887 0 0
2366 0.9211 -1.2578 0 0
2367 0.8082 -0.8449 0 0
2368 0.8352 -0.9085 0 0
2369 0.8395 -0.8761 0 0
2370 0.8622 -0.9721 0 0
2371 0.8707 -0.9074 0 0
2372 0.8913 -1.0359 0 0
2373 0.8956 -1.0036 0 0
2374 0.9290 -1.0351 0 0
2375 0.8999 -0.9712 0 0
2376 0.9581 -1.0990 0 0
2377 0.9623 -1.0666 0 0
2378 0.9041 -0.9389 0 0
2379 0.9183 -1.0995 0 0
2380 0.9464 -1.1634 0 0
2381 0.9527 -1.1313 0 0
2382 0.9354 -0.9701 0 0
2383 0.9655 -1.0341 0 0
2384 0.9677 -1.0015 0 0
