    0         2         0       231       265       331       401       402       403
    1         2         0       232       331       266       404       405       406
    2         2         0       331       265       195       402       407       408
    3         2         0       331       195       266       408       409       405
    4         2         0       196       230       259       410       411       412
    5         2         0       186       288       277       413       414       415
    6         2         0       186       276       287       416       417       418
    7         2         0        31        32       240        72       419       420
    8         2         0        99       100       239       140       421       422
    9         2         0       117       258       322       423       424       425
   10         2         0        14       321       257       426       427       428
   11         2         0       117       118       258       158       429       423
   12         2         0        13        14       257        54       428       430
   13         2         0       115       268       270       431       432       433
   14         2         0        16       269       267       434       435       436
   15         2         0       214       276       257       437       438       439
   16         2         0       196       257       276       440       438       441
   17         2         0       197       277       258       442       443       444
   18         2         0       215       258       277       445       443       446
   19         2         0       186       277       230       415       447       448
   20         2         0       186       230       276       448       449       416
   21         2         0       200       293       270       450       451       452
   22         2         0       218       270       293       453       451       454
   23         2         0       185       259       261       455       456       457
   24         2         0         8       357       236       458       459       460
   25         2         0       123       237       358       461       462       463
   26         2         0       214       287       276       464       417       437
   27         2         0       215       277       288       446       414       465
   28         2         0        88        89       238       129       466       467
   29         2         0        42        43       238        83       468       469
   30         2         0       214       267       287       470       471       464
   31         2         0       199       287       267       472       471       473
   32         2         0       200       268       288       474       475       476
   33         2         0       215       288       268       465       475       477
   34         2         0       206       256       255       478       479       480
   35         2         0       212       255       256       481       479       482
   36         2         0       213       233       327       483       484       485
   37         2         0       198       285       231       486       487       488
   38         2         0       198       232       286       489       490       491
   39         2         0       196       276       230       441       449       410
   40         2         0       173       362       250       492       493       494
   41         2         0       171       249       361       495       496       497
   42         2         0        31       240       286       420       498       499
   43         2         0       100       285       239       500       501       421
   44         2         0       198       231       331       488       403       502
   45         2         0       198       331       232       502       404       489
   46         2         0         8         9       357        49       503       458
   47         2         0       122       123       358       163       463       504
   48         2         0       173       174       362       181       505       492
   49         2         0       170       171       361       178       497       506
   50         2         0       230       277       332       447       507       508
   51         2         0       197       332       277       509       507       442
   52         2         0       189       228       326       510       511       512
   53         2         0       189       346       228       513       514       510
   54         2         0       192       292       242       515       516       517
   55         2         0       216       242       292       518       516       519
   56         2         0       115       116       268       156       520       431
   57         2         0        15        16       267        56       436       521
   58         2         0       202       366       234       522       523       524
   59         2         0       203       235       367       525       526       527
   60         2         0       112       280       273       528       529       530
   61         2         0        19       274       279       531       532       533
   62         2         0       213       294       233       534       535       483
   63         2         0        33        34       252        74       536       537
   64         2         0        97        98       251       138       538       539
   65         2         0       125       313       234       540       541       542
   66         2         0         6       235       312       543       544       545
   67         2         0       377       281       184       546       547       548
   68         2         0       253       281       377       549       546       550
   69         2         0       200       270       268       452       432       474
   70         2         0       199       267       269       473       435       551
   71         2         0        95        96       255       136       552       553
   72         2         0        35        36       256        76       554       555
   73         2         0        42       238       275       469       556       557
   74         2         0       214       257       321       439       427       558
   75         2         0       215       322       258       559       424       445
   76         2         0       212       264       272       560       561       562
   77         2         0       194       347       263       563       564       565
   78         2         0       198       239       285       566       501       486
   79         2         0       198       286       240       491       498       567
   80         2         0       205       280       309       568       569       570
   81         2         0       190       364       249       571       572       573
   82         2         0       191       250       365       574       575       576
   83         2         0       218       309       280       577       569       578
   84         2         0       221       249       364       579       572       580
   85         2         0       220       365       250       581       575       582
   86         2         0       199       241       287       583       584       472
   87         2         0       186       287       241       418       584       585
   88         2         0       186       241       288       585       586       413
   89         2         0        26       320       242       587       588       589
   90         2         0       224       263       347       590       564       591
   91         2         0         8       236       296       460       592       593
   92         2         0       123       297       237       594       595       461
   93         2         0       192       316       359       596       597       598
   94         2         0       203       296       236       599       592       600
   95         2         0       202       237       297       601       595       602
   96         2         0       203       333       235       603       604       525
   97         2         0       192       363       316       605       606       596
   98         2         0       105       246       330       607       608       609
   99         2         0       239       354       298       610       611       612
  100         2         0       240       299       354       613       614       615
  101         2         0       354       201       298       616       617       611
  102         2         0       354       299       201       614       618       616
  103         2         0       217       279       308       619       620       621
  104         2         0       204       308       279       622       620       623
  105         2         0       121       358       245       624       625       626
  106         2         0        10       244       357       627       628       629
  107         2         0        32       299       240       630       613       419
  108         2         0        99       239       298       422       612       631
  109         2         0         6       367       235       632       526       543
  110         2         0       125       234       366       542       523       633
  111         2         0       202       234       318       524       634       635
  112         2         0       259       332       261       636       637       456
  113         2         0       191       235       333       638       604       639
  114         2         0       203       236       352       600       640       641
  115         2         0       202       353       237       642       643       601
  116         2         0       219       272       264       644       561       645
  117         2         0       203       377       243       646       647       648
  118         2         0       190       318       234       649       634       650
  119         2         0        89       336       238       651       652       466
  120         2         0       190       234       364       650       653       571
  121         2         0       191       365       235       576       654       638
  122         2         0       184       281       254       547       655       656
  123         2         0       184       254       278       656       657       658
  124         2         0       199       291       241       659       660       583
  125         2         0       188       329       305       661       662       663
  126         2         0       209       372       247       664       665       666
  127         2         0       210       248       373       667       668       669
  128         2         0        37        38       264        78       670       671
  129         2         0       202       278       254       672       657       673
  130         2         0        28        29       266        69       674       675
  131         2         0       102       103       265       143       676       677
  132         2         0       205       273       280       678       529       568
  133         2         0       204       279       274       623       532       679
  134         2         0       187       293       291       680       681       682
  135         2         0       251       298       374       683       684       685
  136         2         0       252       374       299       686       687       688
  137         2         0       198       354       239       689       610       566
  138         2         0       198       240       354       567       615       689
  139         2         0       191       243       294       690       691       692
  140         2         0       374       298       201       684       617       693
  141         2         0       374       201       299       693       618       687
  142         2         0       109       290       283       694       695       696
  143         2         0        22       284       289       697       698       699
  144         2         0       202       297       366       602       700       522
  145         2         0       203       367       296       527       701       599
  146         2         0       193       262       351       702       703       704
  147         2         0       224       351       262       705       703       706
  148         2         0       105       325       246       707       708       607
  149         2         0        10       315       244       709       710       627
  150         2         0       121       245       314       626       711       712
  151         2         0       209       247       300       666       713       714
  152         2         0       260       385       309       715       716       717
  153         2         0        95       255       323       553       718       719
  154         2         0        36       324       256       720       721       554
  155         2         0       385       205       309       722       570       716
  156         2         0       219       271       307       723       724       725
  157         2         0       203       253       377       726       550       646
  158         2         0        43       376       238       727       728       468
  159         2         0       112       113       280       153       729       528
  160         2         0        18        19       279        59       533       730
  161         2         0        88       238       335       467       731       732
  162         2         0       205       305       273       733       734       678
  163         2         0       222       273       305       735       734       736
  164         2         0       233       399       327       737       738       484
  165         2         0       114       115       270       155       433       739
  166         2         0        16        17       269        57       740       434
  167         2         0       222       305       329       736       662       741
  168         2         0        33       252       299       537       688       742
  169         2         0        98       298       251       743       683       538
  170         2         0        26       242       345       589       744       745
  171         2         0        97       251       310       539       746       747
  172         2         0       206       310       251       748       746       749
  173         2         0       206       252       311       750       751       752
  174         2         0        34       311       252       753       751       536
  175         2         0       241       392       288       754       755       586
  176         2         0       191       333       243       639       756       690
  177         2         0       210       391       248       757       758       667
  178         2         0       189       317       356       759       760       761
  179         2         0       216       345       242       762       744       518
  180         2         0       212       323       255       763       718       481
  181         2         0       212       256       324       482       721       764
  182         2         0        28       266       370       675       765       766
  183         2         0       171       304       249       767       768       495
  184         2         0       173       250       303       494       769       770
  185         2         0        30       286       380       771       772       773
  186         2         0       101       381       285       774       775       776
  187         2         0       200       288       392       476       755       777
  188         2         0       192       242       363       517       778       605
  189         2         0        39        40       271        80       779       780
  190         2         0       210       314       245       781       711       782
  191         2         0       203       243       333       648       756       603
  192         2         0       185       340       259       783       784       455
  193         2         0       187       309       293       785       786       680
  194         2         0       218       293       309       454       786       577
  195         2         0       169       361       343       787       788       789
  196         2         0       175       344       362       790       791       792
  197         2         0       206       251       374       749       685       793
  198         2         0       206       374       252       793       686       750
  199         2         0       220       250       362       582       493       794
  200         2         0       221       361       249       795       496       579
  201         2         0        30        31       286        71       499       771
  202         2         0       100       101       285       141       776       500
  203         2         0       291       293       392       681       796       797
  204         2         0       212       272       323       562       798       763
  205         2         0       246       192       359       799       598       800
  206         2         0       207       283       290       801       695       802
  207         2         0       208       289       284       803       698       804
  208         2         0       210       245       355       782       805       806
  209         2         0       227       307       271       807       724       808
  210         2         0       195       265       389       407       809       810
  211         2         0       195       390       266       811       812       409
  212         2         0       196       397       257       813       814       440
  213         2         0       197       258       396       444       815       816
  214         2         0       398       192       246       817       799       818
  215         2         0       208       295       282       819       820       821
  216         2         0       206       311       256       752       822       478
  217         2         0        35       256       311       555       822       823
  218         2         0        96       310       255       824       825       552
  219         2         0       206       255       310       480       825       748
  220         2         0       184       278       371       658       826       827
  221         2         0       229       356       317       828       760       829
  222         2         0       121       122       358       162       504       624
  223         2         0         9        10       357        50       629       503
  224         2         0        38       349       264       830       831       670
  225         2         0       111       112       273       152       530       832
  226         2         0        19        20       274        60       833       531
  227         2         0       233       371       278       834       826       835
  228         2         0       103       375       265       836       837       676
  229         2         0       227       275       336       838       839       840
  230         2         0         3       343       127       841       842       168
  231         2         0         0         4       344        44       843       844
  232         2         0       203       352       253       641       845       726
  233         2         0       202       254       353       673       846       642
  234         2         0        93        94       272       134       847       848
  235         2         0       104       105       330       145       609       849
  236         2         0       191       339       250       850       851       574
  237         2         0       247       397       300       852       853       713
  238         2         0         3       169       343       176       789       841
  239         2         0         0       344       175       844       790       183
  240         2         0       169       170       361       177       506       787
  241         2         0       174       175       362       182       792       505
  242         2         0       226       370       266       854       765       855
  243         2         0       190       249       327       573       856       857
  244         2         0       229       319       356       858       859       828
  245         2         0       196       259       300       412       860       861
  246         2         0        12       338       247       862       863       864
  247         2         0       119       248       337       865       866       867
  248         2         0        12       247       372       864       665       868
  249         2         0       119       373       248       869       668       865
  250         2         0        26        27       320        67       870       587
  251         2         0       209       315       372       871       872       664
  252         2         0       210       373       314       669       873       781
  253         2         0       219       307       350       725       874       875
  254         2         0       232       380       286       876       772       490
  255         2         0       231       285       381       487       775       877
  256         2         0       196       300       397       861       853       813
  257         2         0        41        42       275        82       557       878
  258         2         0       210       261       391       879       880       757
  259         2         0        21        22       289        62       699       881
  260         2         0       109       110       290       150       882       694
  261         2         0       219       264       349       645       831       883
  262         2         0       204       302       260       884       885       886
  263         2         0       114       270       342       739       887       888
  264         2         0        17       341       269       889       890       740
  265         2         0       244       315       360       710       891       892
  266         2         0       209       360       315       893       891       871
  267         2         0         5         6       312        46       545       894
  268         2         0       125       126       313       166       895       540
  269         2         0       193       351       253       704       896       897
  270         2         0       187       308       260       898       899       900
  271         2         0       108       109       283       149       696       901
  272         2         0        22        23       284        63       902       697
  273         2         0       227       336       379       840       903       904
  274         2         0       194       254       347       905       906       563
  275         2         0       204       260       308       886       899       622
  276         2         0       187       260       309       900       717       785
  277         2         0       193       253       352       897       845       907
  278         2         0       194       353       254       908       846       905
  279         2         0       225       265       375       909       837       910
  280         2         0        40       378       271       911       912       779
  281         2         0       188       305       302       663       913       914
  282         2         0       218       342       270       915       887       453
  283         2         0       217       269       341       916       890       917
  284         2         0       212       324       264       764       918       560
  285         2         0        37       264       324       671       918       919
  286         2         0       106       107       301       147       920       921
  287         2         0       219       350       272       875       922       644
  288         2         0       238       336       275       652       839       556
  289         2         0       259       340       300       784       923       860
  290         2         0       194       263       355       565       924       925
  291         2         0       211       306       292       926       927       928
  292         2         0       216       292       306       519       927       929
  293         2         0       227       271       378       808       912       930
  294         2         0        13       257       338       430       931       932
  295         2         0       118       337       258       933       934       429
  296         2         0        32        33       299        73       742       630
  297         2         0        98        99       298       139       631       743
  298         2         0       207       282       295       935       820       936
  299         2         0       105       106       325       146       937       707
  300         2         0       225       359       316       938       597       939
  301         2         0       185       261       393       457       940       941
  302         2         0       210       393       261       942       940       879
  303         2         0       210       263       393       943       944       942
  304         2         0       222       329       290       741       945       946
  305         2         0       207       290       329       802       945       947
  306         2         0       223       289       328       948       949       950
  307         2         0       208       328       289       951       949       803
  308         2         0       224       386       263       952       953       590
  309         2         0        94       323       272       954       798       847
  310         2         0       208       317       295       955       956       819
  311         2         0       263       386       393       953       957       944
  312         2         0       185       393       386       941       957       958
  313         2         0       123       124       297       164       959       594
  314         2         0         7         8       296        48       593       960
  315         2         0        10        11       315        51       961       709
  316         2         0       120       121       314       161       712       962
  317         2         0       193       360       262       963       964       702
  318         2         0       210       355       263       806       924       943
  319         2         0       230       332       259       508       636       411
  320         2         0       209       340       262       965       966       967
  321         2         0       216       356       319       968       859       969
  322         2         0       227       379       307       904       970       807
  323         2         0       224       262       386       706       971       952
  324         2         0        93       272       350       848       922       972
  325         2         0       102       265       381       677       973       974
  326         2         0       231       381       265       877       973       401
  327         2         0       232       266       380       406       975       876
  328         2         0        29       380       266       976       975       674
  329         2         0       226       316       363       977       606       978
  330         2         0       189       326       295       512       979       980
  331         2         0       219       349       271       883       981       723
  332         2         0        39       271       349       780       981       982
  333         2         0       229       395       319       983       984       858
  334         2         0         2        88       335       128       732       985
  335         2         0         2       335        85       985       986        87
  336         2         0       208       284       317       804       987       955
  337         2         0       229       317       284       829       987       988
  338         2         0       116       322       268       989       990       520
  339         2         0        15       267       321       521       991       992
  340         2         0       261       332       391       637       993       880
  341         2         0       197       391       332       994       993       509
  342         2         0       111       273       368       832       995       996
  343         2         0       222       368       273       997       995       735
  344         2         0        20       369       274       998       999       833
  345         2         0       223       274       369      1000       999      1001
  346         2         0       171       172       304       179      1002       767
  347         2         0       172       173       303       180       770      1003
  348         2         0       188       328       282      1004      1005      1006
  349         2         0       188       282       329      1006      1007       661
  350         2         0       209       262       360       967       964       893
  351         2         0       213       304       303      1008      1009      1010
  352         2         0       202       318       278       635      1011       672
  353         2         0       214       321       267       558       991       470
  354         2         0       215       268       322       477       990       559
  355         2         0       172       303       304      1003      1009      1002
  356         2         0       227       378       275       930      1012       838
  357         2         0        41       275       378       878      1012      1013
  358         2         0        91        92       307       132      1014      1015
  359         2         0       217       348       269      1016      1017       916
  360         2         0       199       269       348       551      1017      1018
  361         2         0       302       305       385       913      1019      1020
  362         2         0       108       283       394       901      1021      1022
  363         2         0       228       394       283      1023      1021      1024
  364         2         0       229       284       395       988      1025       983
  365         2         0        23       395       284      1026      1025       902
  366         2         0       254       281       347       655      1027       906
  367         2         0        96        97       310       137       747       824
  368         2         0        34        35       311        75       823       753
  369         2         0       225       389       265      1028       809       909
  370         2         0       226       266       390       855       812      1029
  371         2         0       189       295       317       980       956       759
  372         2         0       190       327       399       857       738      1030
  373         2         0        25        26       345        66       745      1031
  374         2         0       193       387       360      1032      1033       963
  375         2         0       213       327       304       485      1034      1008
  376         2         0       249       304       327       768      1034       856
  377         2         0       106       301       325       921      1035       937
  378         2         0       253       351       281       896      1036       549
  379         2         0         6         7       367        47      1037       632
  380         2         0       124       125       366       165       633      1038
  381         2         0       189       306       346      1039      1040       513
  382         2         0        24        25       319        65      1041      1042
  383         2         0       233       294       371       535      1043       834
  384         2         0       204       274       334       679      1044      1045
  385         2         0       223       334       274      1046      1044      1000
  386         2         0       243       371       294      1047      1043       691
  387         2         0       207       326       283      1048      1049       801
  388         2         0       228       283       326      1024      1049       511
  389         2         0        18       279       341       730      1050      1051
  390         2         0       217       341       279       917      1050       619
  391         2         0       218       280       342       578      1052       915
  392         2         0       113       342       280      1053      1052       729
  393         2         0       116       117       322       157       425       989
  394         2         0        14        15       321        55       992       426
  395         2         0       235       365       312       654      1054       544
  396         2         0       234       313       364       541      1055       653
  397         2         0        92       350       307      1056       874      1014
  398         2         0       208       282       328       821      1005       951
  399         2         0       207       329       282       947      1007       935
  400         2         0        91       307       379      1015       970      1057
  401         2         0       192       398       292       817      1058       515
  402         2         0       221       343       361      1059       788       795
  403         2         0       220       362       344       794       791      1060
  404         2         0       238       376       335       728      1061       731
  405         2         0       191       294       339       692      1062       850
  406         2         0       241       291       392       660       797       754
  407         2         0       211       325       301      1063      1035      1064
  408         2         0       244       360       387       892      1033      1065
  409         2         0       223       369       289      1001      1066       948
  410         2         0        21       289       369       881      1066      1067
  411         2         0       110       368       290      1068      1069       882
  412         2         0       222       290       368       946      1069       997
  413         2         0        94        95       323       135       719       954
  414         2         0        36        37       324        77       919       720
  415         2         0       211       398       325      1070      1071      1063
  416         2         0       209       300       340       714       923       965
  417         2         0       233       278       399       835      1072       737
  418         2         0        12        13       338        53       932       862
  419         2         0       118       119       337       159       867       933
  420         2         0       207       295       326       936       979      1048
  421         2         0       216       319       345       969      1073       762
  422         2         0       213       303       339      1010      1074      1075
  423         2         0       250       339       303       851      1074       769
  424         2         0        24       319       395      1042       984      1076
  425         2         0       119       120       373       160      1077       869
  426         2         0        11        12       372        52       868      1078
  427         2         0       224       347       281       591      1027      1079
  428         2         0       246       325       398       708      1071       818
  429         2         0       224       281       351      1079      1036       705
  430         2         0       107       394       301      1080      1081       920
  431         2         0       228       301       394      1082      1081      1023
  432         2         0       228       346       301       514      1083      1082
  433         2         0       211       301       346      1064      1083      1084
  434         2         0        89        90       336       130      1085       651
  435         2         0       262       340       386       966      1086       971
  436         2         0       185       386       340       958      1086       783
  437         2         0       188       302       400       914      1087      1088
  438         2         0       189       356       306       761      1089      1039
  439         2         0        17        18       341        58      1051       889
  440         2         0       113       114       342       154       888      1053
  441         2         0       213       339       294      1075      1062       534
  442         2         0         1        85       376        86      1090      1091
  443         2         0        38        39       349        79       982       830
  444         2         0        92        93       350       133       972      1056
  445         2         0       199       348       291      1018      1092       659
  446         2         0         4         5       383        45      1093      1094
  447         2         0       126       127       382       167      1095      1096
  448         2         0        90       379       336      1097       903      1085
  449         2         0       204       334       302      1045      1098       884
  450         2         0         1       376        43      1091       727        84
  451         2         0       103       104       375       144      1099       836
  452         2         0       188       400       328      1088      1100      1004
  453         2         0       187       291       384       682      1101      1102
  454         2         0        20        21       369        61      1067       998
  455         2         0       110       111       368       151       996      1068
  456         2         0        27        28       370        68       766      1103
  457         2         0        40        41       378        81      1013       911
  458         2         0        90        91       379       131      1057      1097
  459         2         0        29        30       380        70       773       976
  460         2         0       101       102       381       142       974       774
  461         2         0         7       296       367       960       701      1037
  462         2         0       124       366       297      1038       700       959
  463         2         0       211       346       306      1084      1040       926
  464         2         0       242       320       363       588      1104       778
  465         2         0       107       108       394       148      1022      1080
  466         2         0        23        24       395        64      1076      1026
  467         2         0       200       392       293       777       796       450
  468         2         0       211       292       398       928      1058      1070
  469         2         0       302       334       400      1098      1105      1087
  470         2         0       216       306       356       929      1089       968
  471         2         0       217       308       384       621      1106      1107
  472         2         0       278       318       399      1011      1108      1072
  473         2         0        25       345       319      1031      1073      1041
  474         2         0       187       384       308      1102      1106       898
  475         2         0       260       302       385       885      1020       715
  476         2         0       205       385       305       722      1019       733
  477         2         0       221       364       313       580      1055      1109
  478         2         0       220       312       365      1110      1054       581
  479         2         0       245       388       355      1111      1112       805
  480         2         0         5       312       383       894      1113      1093
  481         2         0       126       382       313      1096      1114       895
  482         2         0       221       313       382      1109      1114      1115
  483         2         0       220       383       312      1116      1113      1110
  484         2         0       194       355       388       925      1112      1117
  485         2         0        11       372       315      1078       872       961
  486         2         0       120       314       373       962       873      1077
  487         2         0       246       359       330       800      1118       608
  488         2         0       225       316       389       939      1119      1028
  489         2         0       195       389       316       810      1119      1120
  490         2         0       195       316       390      1120      1121       811
  491         2         0       226       390       316      1029      1121       977
  492         2         0       226       363       320       978      1104      1122
  493         2         0       226       320       370      1122      1123       854
  494         2         0        27       370       320      1103      1123       870
  495         2         0         4       383       344      1094      1124       843
  496         2         0       127       343       382       842      1125      1095
  497         2         0       104       330       375       849      1126      1099
  498         2         0       225       330       359      1127      1118       938
  499         2         0       184       371       377       827      1128       548
  500         2         0       243       377       371       647      1128      1047
  501         2         0       190       399       318      1030      1108       649
  502         2         0       193       352       387       907      1129      1032
  503         2         0       194       388       353      1117      1130       908
  504         2         0       236       387       352      1131      1129       640
  505         2         0       237       353       388       643      1130      1132
  506         2         0       217       384       348      1107      1133      1016
  507         2         0       225       375       330       910      1126      1127
  508         2         0       291       348       384      1092      1133      1101
  509         2         0       223       328       400       950      1100      1134
  510         2         0        85       335       376       986      1061      1090
  511         2         0       223       400       334      1134      1105      1046
  512         2         0       221       382       343      1115      1125      1059
  513         2         0       220       344       383      1060      1124      1116
  514         2         0       257       397       338       814      1135       931
  515         2         0       258       337       396       934      1136       815
  516         2         0       248       396       337      1137      1136       866
  517         2         0       247       338       397       863      1135       852
  518         2         0       244       387       357      1065      1138       628
  519         2         0       245       358       388       625      1139      1111
  520         2         0       197       396       391       816      1140       994
  521         2         0       248       391       396       758      1140      1137
  522         2         0       236       357       387       459      1138      1131
  523         2         0       237       388       358      1132      1139       462
