    0              0.000000             -1.000000             -1             -1
    1             10.000000             -0.250000              0              0
    2             10.000000              0.250000              0              0
    3              0.000000              1.000000             -1             -1
    4              0.243902             -0.981707              0              0
    5              0.487805             -0.963415              0              0
    6              0.731707             -0.945122              0              0
    7              0.975610             -0.926829              0              0
    8              1.219512             -0.908537              0              0
    9              1.463415             -0.890244              0              0
   10              1.707317             -0.871951              0              0
   11              1.951220             -0.853659              0              0
   12              2.195122             -0.835366              0              0
   13              2.439024             -0.817073              0              0
   14              2.682927             -0.798780              0              0
   15              2.926829             -0.780488              0              0
   16              3.170732             -0.762195              0              0
   17              3.414634             -0.743902              0              0
   18              3.658537             -0.725610              0              0
   19              3.902439             -0.707317              0              0
   20              4.146341             -0.689024              0              0
   21              4.390244             -0.670732              0              0
   22              4.634146             -0.652439              0              0
   23              4.878049             -0.634146              0              0
   24              5.121951             -0.615854              0              0
   25              5.365854             -0.597561              0              0
   26              5.609756             -0.579268              0              0
   27              5.853659             -0.560976              0              0
   28              6.097561             -0.542683              0              0
   29              6.341463             -0.524390              0              0
   30              6.585366             -0.506098              0              0
   31              6.829268             -0.487805              0              0
   32              7.073171             -0.469512              0              0
   33              7.317073             -0.451220              0              0
   34              7.560976             -0.432927              0              0
   35              7.804878             -0.414634              0              0
   36              8.048780             -0.396341              0              0
   37              8.292683             -0.378049              0              0
   38              8.536585             -0.359756              0              0
   39              8.780488             -0.341463              0              0
   40              9.024390             -0.323171              0              0
   41              9.268293             -0.304878              0              0
   42              9.512195             -0.286585              0              0
   43              9.756098             -0.268293              0              0
   44              0.121951             -0.990854              0              0
   45              0.365854             -0.972561              0              0
   46              0.609756             -0.954268              0              0
   47              0.853659             -0.935976              0              0
   48              1.097561             -0.917683              0              0
   49              1.341463             -0.899390              0              0
   50              1.585366             -0.881098              0              0
   51              1.829268             -0.862805              0              0
   52              2.073171             -0.844512              0              0
   53              2.317073             -0.826220              0              0
   54              2.560976             -0.807927              0              0
   55              2.804878             -0.789634              0              0
   56              3.048780             -0.771341              0              0
   57              3.292683             -0.753049              0              0
   58              3.536585             -0.734756              0              0
   59              3.780488             -0.716463              0              0
   60              4.024390             -0.698171              0              0
   61              4.268293             -0.679878              0              0
   62              4.512195             -0.661585              0              0
   63              4.756098             -0.643293              0              0
   64              5.000000             -0.625000              0              0
   65              5.243902             -0.606707              0              0
   66              5.487805             -0.588415              0              0
   67              5.731707             -0.570122              0              0
   68              5.975610             -0.551829              0              0
   69              6.219512             -0.533537              0              0
   70              6.463415             -0.515244              0              0
   71              6.707317             -0.496951              0              0
   72              6.951220             -0.478659              0              0
   73              7.195122             -0.460366              0              0
   74              7.439024             -0.442073              0              0
   75              7.682927             -0.423780              0              0
   76              7.926829             -0.405488              0              0
   77              8.170732             -0.387195              0              0
   78              8.414634             -0.368902              0              0
   79              8.658537             -0.350610              0              0
   80              8.902439             -0.332317              0              0
   81              9.146341             -0.314024              0              0
   82              9.390244             -0.295732              0              0
   83              9.634146             -0.277439              0              0
   84              9.878049             -0.259146              0              0
   85             10.000000             -0.000000              0              0
   86             10.000000             -0.125000              0              0
   87             10.000000              0.125000              0              0
   88              9.756098              0.268293              0              0
   89              9.512195              0.286585              0              0
   90              9.268293              0.304878              0              0
   91              9.024390              0.323171              0              0
   92              8.780488              0.341463              0              0
   93              8.536585              0.359756              0              0
   94              8.292683              0.378049              0              0
   95              8.048780              0.396341              0              0
   96              7.804878              0.414634              0              0
   97              7.560976              0.432927              0              0
   98              7.317073              0.451220              0              0
   99              7.073171              0.469512              0              0
  100              6.829268              0.487805              0              0
  101              6.585366              0.506098              0              0
  102              6.341463              0.524390              0              0
  103              6.097561              0.542683              0              0
  104              5.853659              0.560976              0              0
  105              5.609756              0.579268              0              0
  106              5.365854              0.597561              0              0
  107              5.121951              0.615854              0              0
  108              4.878049              0.634146              0              0
  109              4.634146              0.652439              0              0
  110              4.390244              0.670732              0              0
  111              4.146341              0.689024              0              0
  112              3.902439              0.707317              0              0
  113              3.658537              0.725610              0              0
  114              3.414634              0.743902              0              0
  115              3.170732              0.762195              0              0
  116              2.926829              0.780488              0              0
  117              2.682927              0.798780              0              0
  118              2.439024              0.817073              0              0
  119              2.195122              0.835366              0              0
  120              1.951220              0.853659              0              0
  121              1.707317              0.871951              0              0
  122              1.463415              0.890244              0              0
  123              1.219512              0.908537              0              0
  124              0.975610              0.926829              0              0
  125              0.731707              0.945122              0              0
  126              0.487805              0.963415              0              0
  127              0.243902              0.981707              0              0
  128              9.878049              0.259146              0              0
  129              9.634146              0.277439              0              0
  130              9.390244              0.295732              0              0
  131              9.146341              0.314024              0              0
  132              8.902439              0.332317              0              0
  133              8.658537              0.350610              0              0
  134              8.414634              0.368902              0              0
  135              8.170732              0.387195              0              0
  136              7.926829              0.405488              0              0
  137              7.682927              0.423780              0              0
  138              7.439024              0.442073              0              0
  139              7.195122              0.460366              0              0
  140              6.951220              0.478659              0              0
  141              6.707317              0.496951              0              0
  142              6.463415              0.515244              0              0
  143              6.219512              0.533537              0              0
  144              5.975610              0.551829              0              0
  145              5.731707              0.570122              0              0
  146              5.487805              0.588415              0              0
  147              5.243902              0.606707              0              0
  148              5.000000              0.625000              0              0
  149              4.756098              0.643293              0              0
  150              4.512195              0.661585              0              0
  151              4.268293              0.679878              0              0
  152              4.024390              0.698171              0              0
  153              3.780488              0.716463              0              0
  154              3.536585              0.734756              0              0
  155              3.292683              0.753049              0              0
  156              3.048780              0.771341              0              0
  157              2.804878              0.789634              0              0
  158              2.560976              0.807927              0              0
  159              2.317073              0.826220              0              0
  160              2.073171              0.844512              0              0
  161              1.829268              0.862805              0              0
  162              1.585366              0.881098              0              0
  163              1.341463              0.899390              0              0
  164              1.097561              0.917683              0              0
  165              0.853659              0.935976              0              0
  166              0.609756              0.954268              0              0
  167              0.365854              0.972561              0              0
  168              0.121951              0.990854              0              0
  169              0.000000              0.750000             -1             -1
  170              0.000000              0.500000             -1             -1
  171              0.000000              0.250000             -1             -1
  172              0.000000              0.000000             -1             -1
  173              0.000000             -0.250000             -1             -1
  174              0.000000             -0.500000             -1             -1
  175              0.000000             -0.750000             -1             -1
  176              0.000000              0.875000             -1             -1
  177              0.000000              0.625000             -1             -1
  178              0.000000              0.375000             -1             -1
  179              0.000000              0.125000             -1             -1
  180              0.000000             -0.125000             -1             -1
  181              0.000000             -0.375000             -1             -1
  182              0.000000             -0.625000             -1             -1
  183              0.000000             -0.875000             -1             -1
  184              1.052396              0.048260              0              0
  185              1.884961              0.000000              0              0
  186              2.724883             -0.000000              0              0
  187              3.490474              0.000000              0              0
  188              4.217302             -0.000000              0              0
  189              4.956822              0.054293              0              0
  190              0.576083              0.376978              0              0
  191              0.605824             -0.364472              0              0
  192              5.683356              0.004912              0              0
  193              1.456848             -0.342208              0              0
  194              1.456848              0.342208              0              0
  195              6.225917              0.000000              0              0
  196              2.320030             -0.295189              0              0
  197              2.348405              0.342030              0              0
  198              6.724786              0.000000              0              0
  199              3.118065             -0.291937              0              0
  200              3.127648              0.309828              0              0
  201              7.189760              0.000000              0              0
  202              1.027257              0.501463              0              0
  203              1.020974             -0.473792              0              0
  204              3.859450             -0.253543              0              0
  205              3.872535              0.283281              0              0
  206              7.621443             -0.000000              0              0
  207              4.595223              0.213134              0              0
  208              4.585213             -0.224321              0              0
  209              1.912481             -0.430199              0              0
  210              1.891956              0.427489              0              0
  211              5.311103              0.182788              0              0
  212              8.141692             -0.000000              0              0
  213              0.435370             -0.006435              0              0
  214              2.732103             -0.400789              0              0
  215              2.732103              0.400789              0              0
  216              5.317920             -0.215208              0              0
  217              3.490979             -0.373818              0              0
  218              3.495336              0.376313              0              0
  219              8.632241              0.000000              0              0
  220              0.341021             -0.641456              0              0
  221              0.341021              0.641456              0              0
  222              4.243618              0.350876              0              0
  223              4.230444             -0.345216              0              0
  224              1.534726             -0.002173              0              0
  225              5.980040              0.226562              0              0
  226              5.976882             -0.226152              0              0
  227              9.122790              0.000000              0              0
  228              4.969169              0.294461              0              0
  229              4.977455             -0.324398              0              0
  230              2.425807             -0.043757              0              0
  231              6.475352              0.203538              0              0
  232              6.475352             -0.203538              0              0
  233              0.679438              0.087711              0              0
  234              0.726778              0.612870              0              0
  235              0.743001             -0.621966              0              0
  236              1.253151             -0.620793              0              0
  237              1.254198              0.625405              0              0
  238              9.615519              0.001432              0              0
  239              6.940404              0.217955              0              0
  240              6.940404             -0.217955              0              0
  241              3.019913             -0.031999              0              0
  242              5.581057             -0.272170              0              0
  243              0.830203             -0.254076              0              0
  244              1.625550             -0.586528              0              0
  245              1.655995              0.592183              0              0
  246              5.615456              0.279044              0              0
  247              2.143621             -0.555147              0              0
  248              2.147677              0.545619              0              0
  249              0.279898              0.350434              0              0
  250              0.279898             -0.350434              0              0
  251              7.456081              0.226679              0              0
  252              7.456081             -0.226679              0              0
  253              1.202448             -0.245299              0              0
  254              1.188064              0.239569              0              0
  255              7.905602              0.158334              0              0
  256              7.903915             -0.153116              0              0
  257              2.490765             -0.535253              0              0
  258              2.481468              0.535644              0              0
  259              2.130267             -0.073465              0              0
  260              3.753937             -0.038835              0              0
  261              2.053738              0.217842              0              0
  262              1.702401             -0.217834              0              0
  263              1.693064              0.210826              0              0
  264              8.400749             -0.143976              0              0
  265              6.226220              0.277091              0              0
  266              6.228041             -0.274251              0              0
  267              2.975708             -0.514864              0              0
  268              2.973188              0.516931              0              0
  269              3.287257             -0.507780              0              0
  270              3.292153              0.496388              0              0
  271              8.890130             -0.129474              0              0
  272              8.401226              0.143307              0              0
  273              4.032123              0.462383              0              0
  274              4.025867             -0.468309              0              0
  275              9.338867             -0.106234              0              0
  276              2.565680             -0.225338              0              0
  277              2.549199              0.221302              0              0
  278              0.900003              0.215474              0              0
  279              3.727111             -0.475760              0              0
  280              3.730591              0.473815              0              0
  281              1.258310             -0.020399              0              0
  282              4.469644             -0.000000              0              0
  283              4.762206              0.420790              0              0
  284              4.762939             -0.422825              0              0
  285              6.682612              0.289155              0              0
  286              6.682612             -0.289155              0              0
  287              2.877698             -0.215448              0              0
  288              2.900166              0.220027              0              0
  289              4.462655             -0.434669              0              0
  290              4.470951              0.440199              0              0
  291              3.273062             -0.068447              0              0
  292              5.428323             -0.025556              0              0
  293              3.354491              0.203403              0              0
  294              0.626637             -0.133245              0              0
  295              4.711384              0.017387              0              0
  296              1.079204             -0.708413              0              0
  297              1.079204              0.708413              0              0
  298              7.193067              0.195052              0              0
  299              7.193067             -0.195052              0              0
  300              2.107888             -0.328346              0              0
  301              5.185431              0.395470              0              0
  302              4.012937             -0.063929              0              0
  303              0.224035             -0.114750              0              0
  304              0.212062              0.120721              0              0
  305              4.081359              0.187287              0              0
  306              5.206043              0.001489              0              0
  307              8.890480              0.130338              0              0
  308              3.631902             -0.200771              0              0
  309              3.659597              0.198922              0              0
  310              7.669088              0.238150              0              0
  311              7.668755             -0.235281              0              0
  312              0.536727             -0.752988              0              0
  313              0.529115              0.756236              0              0
  314              1.842342              0.654311              0              0
  315              1.825264             -0.643345              0              0
  316              5.956110              0.001061              0              0
  317              4.836186             -0.180753              0              0
  318              0.790227              0.399963              0              0
  319              5.186128             -0.405103              0              0
  320              5.791541             -0.365214              0              0
  321              2.780416             -0.608792              0              0
  322              2.780416              0.608792              0              0
  323              8.157997              0.215206              0              0
  324              8.157564             -0.214296              0              0
  325              5.420621              0.383657              0              0
  326              4.797318              0.211713              0              0
  327              0.470430              0.202393              0              0
  328              4.377950             -0.189172              0              0
  329              4.377950              0.189172              0              0
  330              5.801417              0.370267              0              0
  331              6.433678              0.000000              0              0
  332              2.267616              0.153992              0              0
  333              0.811544             -0.434909              0              0
  334              4.060642             -0.263078              0              0
  335              9.833782              0.078316              0              0
  336              9.345400              0.117539              0              0
  337              2.317988              0.654904              0              0
  338              2.317988             -0.654904              0              0
  339              0.434353             -0.193867              0              0
  340              1.906576             -0.186898              0              0
  341              3.518255             -0.568238              0              0
  342              3.520074              0.566689              0              0
  343              0.198884              0.784872              0              0
  344              0.198884             -0.784872              0              0
  345              5.412143             -0.413862              0              0
  346              5.121966              0.187482              0              0
  347              1.420126              0.153048              0              0
  348              3.320427             -0.287915              0              0
  349              8.646979             -0.196514              0              0
  350              8.646979              0.196514              0              0
  351              1.410569             -0.151925              0              0
  352              1.276357             -0.428021              0              0
  353              1.275863              0.437032              0              0
  354              6.998365              0.000000              0              0
  355              1.639949              0.400332              0              0
  356              5.094909             -0.175752              0              0
  357              1.469608             -0.698415              0              0
  358              1.469608              0.698415              0              0
  359              5.807276              0.176369              0              0
  360              1.682270             -0.420270              0              0
  361              0.191135              0.521006              0              0
  362              0.191135             -0.521006              0              0
  363              5.797789             -0.171513              0              0
  364              0.510216              0.555135              0              0
  365              0.501294             -0.546263              0              0
  366              0.896847              0.755697              0              0
  367              0.896847             -0.755697              0              0
  368              4.257391              0.533987              0              0
  369              4.255267             -0.532006              0              0
  370              5.989537             -0.393855              0              0
  371              0.850618             -0.036293              0              0
  372              2.019878             -0.678673              0              0
  373              2.015097              0.673432              0              0
  374              7.376613              0.000000              0              0
  375              5.991779              0.395515              0              0
  376              9.841080             -0.087709              0              0
  377              1.015032             -0.181880              0              0
  378              9.136342             -0.180692              0              0
  379              9.136342              0.180692              0              0
  380              6.455845             -0.376711              0              0
  381              6.453479              0.382772              0              0
  382              0.360145              0.825537              0              0
  383              0.361668             -0.824887              0              0
  384              3.453807             -0.176332              0              0
  385              3.919812              0.094474              0              0
  386              1.709548             -0.038407              0              0
  387              1.454534             -0.520623              0              0
  388              1.458743              0.515929              0              0
  389              6.110531              0.136337              0              0
  390              6.115268             -0.139912              0              0
  391              2.169922              0.361127              0              0
  392              3.135056              0.126562              0              0
  393              1.882284              0.176376              0              0
  394              4.985424              0.479942              0              0
  395              4.990583             -0.499436              0              0
  396              2.293092              0.487865              0              0
  397              2.276058             -0.473768              0              0
  398              5.491166              0.147572              0              0
  399              0.708785              0.263713              0              0
  400              4.187215             -0.172406              0              0
  401              6.350786              0.240314              0              0
  402              6.329949              0.138545              0              0
  403              6.454515              0.101769              0              0
  404              6.454515             -0.101769              0              0
  405              6.330859             -0.137126              0              0
  406              6.351696             -0.238895              0              0
  407              6.226069              0.138545              0              0
  408              6.329798              0.000000              0              0
  409              6.226979             -0.137126              0              0
  410              2.372918             -0.169473              0              0
  411              2.278037             -0.058611              0              0
  412              2.225149             -0.184327              0              0
  413              2.812524              0.110013              0              0
  414              2.724682              0.220664              0              0
  415              2.637041              0.110651              0              0
  416              2.645281             -0.112669              0              0
  417              2.721689             -0.220393              0              0
  418              2.801290             -0.107724              0              0
  419              7.006787             -0.343734              0              0
  420              6.884836             -0.352880              0              0
  421              6.884836              0.352880              0              0
  422              7.006787              0.343734              0              0
  423              2.582198              0.667212              0              0
  424              2.630942              0.572218              0              0
  425              2.731671              0.703786              0              0
  426              2.731671             -0.703786              0              0
  427              2.635591             -0.572023              0              0
  428              2.586846             -0.667017              0              0
  429              2.460246              0.676359              0              0
  430              2.464895             -0.676163              0              0
  431              3.071960              0.639563              0              0
  432              3.132671              0.506659              0              0
  433              3.231442              0.629291              0              0
  434              3.228994             -0.634988              0              0
  435              3.131482             -0.511322              0              0
  436              3.073220             -0.638529              0              0
  437              2.648891             -0.313064              0              0
  438              2.528222             -0.380296              0              0
  439              2.611434             -0.468021              0              0
  440              2.405398             -0.415221              0              0
  441              2.442855             -0.260264              0              0
  442              2.448802              0.281666              0              0
  443              2.515334              0.378473              0              0
  444              2.414937              0.438837              0              0
  445              2.606785              0.468217              0              0
  446              2.640651              0.311045              0              0
  447              2.487503              0.088772              0              0
  448              2.575345             -0.021879              0              0
  449              2.495743             -0.134548              0              0
  450              3.241070              0.256615              0              0
  451              3.323322              0.349895              0              0
  452              3.209901              0.403108              0              0
  453              3.393745              0.436350              0              0
  454              3.424913              0.289858              0              0
  455              2.007614             -0.036732              0              0
  456              2.092003              0.072189              0              0
  457              1.969349              0.108921              0              0
  458              1.344560             -0.803476              0              0
  459              1.361379             -0.659604              0              0
  460              1.236331             -0.764665              0              0
  461              1.236855              0.766971              0              0
  462              1.361903              0.661910              0              0
  463              1.344560              0.803476              0              0
  464              2.804900             -0.308119              0              0
  465              2.816134              0.310408              0              0
  466              9.563857              0.144009              0              0
  467              9.685808              0.134862              0              0
  468              9.685808             -0.133430              0              0
  469              9.563857             -0.142577              0              0
  470              2.853905             -0.457826              0              0
  471              2.926703             -0.365156              0              0
  472              2.997881             -0.253693              0              0
  473              3.046886             -0.403401              0              0
  474              3.050418              0.413379              0              0
  475              2.936677              0.368479              0              0
  476              3.013907              0.264927              0              0
  477              2.852645              0.458860              0              0
  478              7.762679             -0.076558              0              0
  479              7.904759              0.002609              0              0
  480              7.763522              0.079167              0              0
  481              8.023647              0.079167              0              0
  482              8.022804             -0.076558              0              0
  483              0.557404              0.040638              0              0
  484              0.574934              0.145052              0              0
  485              0.452900              0.097979              0              0
  486              6.703699              0.144578              0              0
  487              6.578982              0.246347              0              0
  488              6.600069              0.101769              0              0
  489              6.600069             -0.101769              0              0
  490              6.578982             -0.246347              0              0
  491              6.703699             -0.144578              0              0
  492              0.095568             -0.385503              0              0
  493              0.235517             -0.435720              0              0
  494              0.139949             -0.300217              0              0
  495              0.139949              0.300217              0              0
  496              0.235517              0.435720              0              0
  497              0.095568              0.385503              0              0
  498              6.811508             -0.253555              0              0
  499              6.755940             -0.388480              0              0
  500              6.755940              0.388480              0              0
  501              6.811508              0.253555              0              0
  502              6.579232              0.000000              0              0
  503              1.466511             -0.794329              0              0
  504              1.466511              0.794329              0              0
  505              0.095568             -0.510503              0              0
  506              0.095568              0.510503              0              0
  507              2.408408              0.187647              0              0
  508              2.346711              0.055118              0              0
  509              2.308011              0.248011              0              0
  510              4.962996              0.174377              0              0
  511              4.883243              0.253087              0              0
  512              4.877070              0.133003              0              0
  513              5.039394              0.120888              0              0
  514              5.045568              0.240972              0              0
  515              5.555839             -0.010322              0              0
  516              5.504690             -0.148863              0              0
  517              5.632206             -0.133629              0              0
  518              5.449489             -0.243689              0              0
  519              5.373121             -0.120382              0              0
  520              2.950009              0.648709              0              0
  521              2.951268             -0.647676              0              0
  522              0.962052              0.628580              0              0
  523              0.811813              0.684283              0              0
  524              0.877018              0.557167              0              0
  525              0.881988             -0.547879              0              0
  526              0.819924             -0.688831              0              0
  527              0.958911             -0.614744              0              0
  528              3.816515              0.590566              0              0
  529              3.881357              0.468099              0              0
  530              3.967281              0.584850              0              0
  531              3.964153             -0.587813              0              0
  532              3.876489             -0.472034              0              0
  533              3.814775             -0.591539              0              0
  534              0.531004             -0.069840              0              0
  535              0.653037             -0.022767              0              0
  536              7.508528             -0.329803              0              0
  537              7.386577             -0.338949              0              0
  538              7.386577              0.338949              0              0
  539              7.508528              0.329803              0              0
  540              0.630411              0.850679              0              0
  541              0.627947              0.684553              0              0
  542              0.729243              0.778996              0              0
  543              0.737354             -0.783544              0              0
  544              0.639864             -0.687477              0              0
  545              0.634217             -0.849055              0              0
  546              1.136671             -0.101140              0              0
  547              1.155353              0.013930              0              0
  548              1.033714             -0.066810              0              0
  549              1.230379             -0.132849              0              0
  550              1.108740             -0.213590              0              0
  551              3.202661             -0.399859              0              0
  552              7.855240              0.286484              0              0
  553              7.977191              0.277338              0              0
  554              7.976348             -0.274729              0              0
  555              7.854397             -0.283875              0              0
  556              9.477193             -0.052401              0              0
  557              9.425531             -0.196410              0              0
  558              2.756259             -0.504791              0              0
  559              2.756259              0.504791              0              0
  560              8.271221             -0.071988              0              0
  561              8.400988             -0.000335              0              0
  562              8.271459              0.071653              0              0
  563              1.438487              0.247628              0              0
  564              1.556595              0.181937              0              0
  565              1.574956              0.276517              0              0
  566              6.832595              0.108978              0              0
  567              6.832595             -0.108978              0              0
  568              3.801563              0.378548              0              0
  569              3.695094              0.336368              0              0
  570              3.766066              0.241101              0              0
  571              0.543150              0.466057              0              0
  572              0.395057              0.452784              0              0
  573              0.427991              0.363706              0              0
  574              0.442861             -0.357453              0              0
  575              0.390596             -0.448348              0              0
  576              0.553559             -0.455367              0              0
  577              3.577466              0.287617              0              0
  578              3.612964              0.425064              0              0
  579              0.310460              0.495945              0              0
  580              0.425618              0.598296              0              0
  581              0.421158             -0.593860              0              0
  582              0.310460             -0.495945              0              0
  583              3.068989             -0.161968              0              0
  584              2.948806             -0.123724              0              0
  585              2.872398             -0.015999              0              0
  586              2.960040              0.094014              0              0
  587              5.700649             -0.472241              0              0
  588              5.686299             -0.318692              0              0
  589              5.595407             -0.425719              0              0
  590              1.613895              0.104326              0              0
  591              1.477426              0.075437              0              0
  592              1.166178             -0.664603              0              0
  593              1.149358             -0.808475              0              0
  594              1.149358              0.808475              0              0
  595              1.166701              0.666909              0              0
  596              5.819733              0.002986              0              0
  597              5.881693              0.088715              0              0
  598              5.745316              0.090640              0              0
  599              1.050089             -0.591102              0              0
  600              1.137062             -0.547292              0              0
  601              1.140728              0.563434              0              0
  602              1.053231              0.604938              0              0
  603              0.916259             -0.454350              0              0
  604              0.777273             -0.528437              0              0
  605              5.740572             -0.083300              0              0
  606              5.876950             -0.085226              0              0
  607              5.612606              0.429156              0              0
  608              5.708436              0.324655              0              0
  609              5.705586              0.474768              0              0
  610              6.969385              0.108978              0              0
  611              7.095716              0.097526              0              0
  612              7.066735              0.206504              0              0
  613              7.066735             -0.206504              0              0
  614              7.095716             -0.097526              0              0
  615              6.969385             -0.108978              0              0
  616              7.094063              0.000000              0              0
  617              7.191413              0.097526              0              0
  618              7.191413             -0.097526              0              0
  619              3.609045             -0.424789              0              0
  620              3.679507             -0.338266              0              0
  621              3.561441             -0.287295              0              0
  622              3.745676             -0.227157              0              0
  623              3.793280             -0.364652              0              0
  624              1.588462              0.785183              0              0
  625              1.562801              0.645299              0              0
  626              1.681656              0.732067              0              0
  627              1.666433             -0.729239              0              0
  628              1.547579             -0.642471              0              0
  629              1.588462             -0.785183              0              0
  630              7.133119             -0.332282              0              0
  631              7.133119              0.332282              0              0
  632              0.814277             -0.850409              0              0
  633              0.814277              0.850409              0              0
  634              0.758503              0.506417              0              0
  635              0.908742              0.450713              0              0
  636              2.198942              0.040264              0              0
  637              2.160677              0.185917              0              0
  638              0.674412             -0.493219              0              0
  639              0.708684             -0.399690              0              0
  640              1.264754             -0.524407              0              0
  641              1.148665             -0.450907              0              0
  642              1.151560              0.469247              0              0
  643              1.265031              0.531218              0              0
  644              8.516733              0.071653              0              0
  645              8.516495             -0.071988              0              0
  646              1.018003             -0.327836              0              0
  647              0.922618             -0.217978              0              0
  648              0.925588             -0.363934              0              0
  649              0.683155              0.388470              0              0
  650              0.651431              0.494924              0              0
  651              9.428797              0.202062              0              0
  652              9.480459              0.059485              0              0
  653              0.618497              0.584003              0              0
  654              0.622148             -0.584114              0              0
  655              1.223187              0.109585              0              0
  656              1.120230              0.143915              0              0
  657              1.044033              0.227522              0              0
  658              0.976200              0.131867              0              0
  659              3.195563             -0.180192              0              0
  660              3.146488             -0.050223              0              0
  661              4.297626              0.094586              0              0
  662              4.229654              0.188229              0              0
  663              4.149330              0.093644              0              0
  664              1.966180             -0.554436              0              0
  665              2.081750             -0.616910              0              0
  666              2.028051             -0.492673              0              0
  667              2.019816              0.486554              0              0
  668              2.081387              0.609526              0              0
  669              1.953526              0.550460              0              0
  670              8.468667             -0.251866              0              0
  671              8.346716             -0.261012              0              0
  672              0.963630              0.358468              0              0
  673              1.107661              0.370516              0              0
  674              6.284752             -0.399321              0              0
  675              6.162801             -0.408467              0              0
  676              6.161890              0.409887              0              0
  677              6.283841              0.400740              0              0
  678              3.952329              0.372832              0              0
  679              3.942658             -0.360926              0              0
  680              3.422483              0.101702              0              0
  681              3.313776              0.067478              0              0
  682              3.381768             -0.034224              0              0
  683              7.324574              0.210866              0              0
  684              7.284840              0.097526              0              0
  685              7.416347              0.113340              0              0
  686              7.416347             -0.113340              0              0
  687              7.284840             -0.097526              0              0
  688              7.324574             -0.210866              0              0
  689              6.861576              0.000000              0              0
  690              0.718013             -0.309274              0              0
  691              0.728420             -0.193661              0              0
  692              0.616230             -0.248859              0              0
  693              7.283187              0.000000              0              0
  694              4.552549              0.546319              0              0
  695              4.616578              0.430494              0              0
  696              4.698176              0.536614              0              0
  697              4.698543             -0.537632              0              0
  698              4.612797             -0.428747              0              0
  699              4.548401             -0.543554              0              0
  700              0.988026              0.732055              0              0
  701              0.988026             -0.732055              0              0
  702              1.579625             -0.280021              0              0
  703              1.556485             -0.184879              0              0
  704              1.433709             -0.247066              0              0
  705              1.472647             -0.077049              0              0
  706              1.618563             -0.110004              0              0
  707              5.515189              0.481463              0              0
  708              5.518039              0.331350              0              0
  709              1.766290             -0.757648              0              0
  710              1.725407             -0.614936              0              0
  711              1.749169              0.623247              0              0
  712              1.774830              0.763131              0              0
  713              2.125755             -0.441746              0              0
  714              2.010184             -0.379272              0              0
  715              3.836874              0.027819              0              0
  716              3.789704              0.146698              0              0
  717              3.706767              0.080043              0              0
  718              8.031799              0.186770              0              0
  719              8.103389              0.305774              0              0
  720              8.103172             -0.305319              0              0
  721              8.030740             -0.183706              0              0
  722              3.896173              0.188877              0              0
  723              8.761185             -0.064737              0              0
  724              8.890305              0.000432              0              0
  725              8.761360              0.065169              0              0
  726              1.111711             -0.359546              0              0
  727              9.798589             -0.178001              0              0
  728              9.728299             -0.043139              0              0
  729              3.694564              0.599712              0              0
  730              3.692824             -0.600685              0              0
  731              9.724650              0.039874              0              0
  732              9.794940              0.173304              0              0
  733              3.976947              0.235284              0              0
  734              4.056741              0.324835              0              0
  735              4.137870              0.406630              0              0
  736              4.162488              0.269082              0              0
  737              0.694112              0.175712              0              0
  738              0.589607              0.233053              0              0
  739              3.353394              0.620145              0              0
  740              3.350945             -0.625841              0              0
  741              4.310784              0.270024              0              0
  742              7.255070             -0.323136              0              0
  743              7.255070              0.323136              0              0
  744              5.496600             -0.343016              0              0
  745              5.510950             -0.496565              0              0
  746              7.562585              0.232415              0              0
  747              7.615032              0.335539              0              0
  748              7.645265              0.119075              0              0
  749              7.538762              0.113340              0              0
  750              7.538762             -0.113340              0              0
  751              7.562418             -0.230980              0              0
  752              7.645099             -0.117640              0              0
  753              7.614865             -0.334104              0              0
  754              3.077485              0.047282              0              0
  755              3.017611              0.173295              0              0
  756              0.820873             -0.344492              0              0
  757              2.030939              0.394308              0              0
  758              2.158799              0.453373              0              0
  759              4.896504             -0.063230              0              0
  760              4.965547             -0.178253              0              0
  761              5.025866             -0.060730              0              0
  762              5.365031             -0.314535              0              0
  763              8.149844              0.107603              0              0
  764              8.149628             -0.107148              0              0
  765              6.108789             -0.334053              0              0
  766              6.043549             -0.468269              0              0
  767              0.106031              0.185361              0              0
  768              0.245980              0.235578              0              0
  769              0.251967             -0.232592              0              0
  770              0.112018             -0.182375              0              0
  771              6.633989             -0.397626              0              0
  772              6.569228             -0.332933              0              0
  773              6.520605             -0.441404              0              0
  774              6.519423              0.444435              0              0
  775              6.568045              0.335964              0              0
  776              6.633989              0.397626              0              0
  777              3.131352              0.218195              0              0
  778              5.689423             -0.221841              0              0
  779              8.957260             -0.226322              0              0
  780              8.835309             -0.235469              0              0
  781              1.867149              0.540900              0              0
  782              1.773975              0.509836              0              0
  783              1.895768             -0.093449              0              0
  784              2.018421             -0.130181              0              0
  785              3.575035              0.099461              0              0
  786              3.507044              0.201162              0              0
  787              0.095568              0.635503              0              0
  788              0.195010              0.652939              0              0
  789              0.099442              0.767436              0              0
  790              0.099442             -0.767436              0              0
  791              0.195010             -0.652939              0              0
  792              0.095568             -0.635503              0              0
  793              7.499028              0.000000              0              0
  794              0.266078             -0.581231              0              0
  795              0.266078              0.581231              0              0
  796              3.244774              0.164983              0              0
  797              3.204059              0.029058              0              0
  798              8.279611              0.179256              0              0
  799              5.649406              0.141978              0              0
  800              5.711366              0.227706              0              0
  801              4.678714              0.316962              0              0
  802              4.533087              0.326666              0              0
  803              4.523934             -0.329495              0              0
  804              4.674076             -0.323573              0              0
  805              1.647972              0.496257              0              0
  806              1.765952              0.413910              0              0
  807              9.006635              0.065169              0              0
  808              9.006460             -0.064737              0              0
  809              6.168375              0.206714              0              0
  810              6.168224              0.068168              0              0
  811              6.170593             -0.069956              0              0
  812              6.171654             -0.207082              0              0
  813              2.298044             -0.384479              0              0
  814              2.383412             -0.504510              0              0
  815              2.387280              0.511755              0              0
  816              2.320749              0.414947              0              0
  817              5.587261              0.076242              0              0
  818              5.553311              0.213308              0              0
  819              4.648299             -0.103467              0              0
  820              4.590514              0.008694              0              0
  821              4.527429             -0.112161              0              0
  822              7.786335             -0.194198              0              0
  823              7.736816             -0.324957              0              0
  824              7.736983              0.326392              0              0
  825              7.787345              0.198242              0              0
  826              0.875311              0.089591              0              0
  827              0.951507              0.005984              0              0
  828              5.036182             -0.250075              0              0
  829              4.906820             -0.252576              0              0
  830              8.591782             -0.278135              0              0
  831              8.523864             -0.170245              0              0
  832              4.089232              0.575704              0              0
  833              4.086104             -0.578666              0              0
  834              0.765028              0.025709              0              0
  835              0.789720              0.151592              0              0
  836              6.044670              0.469099              0              0
  837              6.108999              0.336303              0              0
  838              9.230828             -0.053117              0              0
  839              9.342133              0.005652              0              0
  840              9.234095              0.058769              0              0
  841              0.099442              0.892436              0              0
  842              0.221393              0.883290              0              0
  843              0.221393             -0.883290              0              0
  844              0.099442             -0.892436              0              0
  845              1.239402             -0.336660              0              0
  846              1.231964              0.338301              0              0
  847              8.346954              0.260678              0              0
  848              8.468906              0.251531              0              0
  849              5.827538              0.465621              0              0
  850              0.520088             -0.279170              0              0
  851              0.357126             -0.272150              0              0
  852              2.209840             -0.514457              0              0
  853              2.191973             -0.401057              0              0
  854              5.983209             -0.310004              0              0
  855              6.102461             -0.250202              0              0
  856              0.375164              0.276413              0              0
  857              0.523256              0.289686              0              0
  858              5.081791             -0.364750              0              0
  859              5.140519             -0.290427              0              0
  860              2.119077             -0.200905              0              0
  861              2.213959             -0.311767              0              0
  862              2.256555             -0.745135              0              0
  863              2.230804             -0.605025              0              0
  864              2.169372             -0.695256              0              0
  865              2.171400              0.690493              0              0
  866              2.232832              0.600262              0              0
  867              2.256555              0.745135              0              0
  868              2.107500             -0.757019              0              0
  869              2.105109              0.754399              0              0
  870              5.822600             -0.463095              0              0
  871              1.868872             -0.536772              0              0
  872              1.922571             -0.661009              0              0
  873              1.928720              0.663871              0              0
  874              8.768730              0.163426              0              0
  875              8.639610              0.098257              0              0
  876              6.465598             -0.290124              0              0
  877              6.464416              0.293155              0              0
  878              9.303580             -0.205556              0              0
  879              1.972847              0.322666              0              0
  880              2.111830              0.289485              0              0
  881              4.426450             -0.552700              0              0
  882              4.430597              0.555465              0              0
  883              8.639610             -0.098257              0              0
  884              3.936193             -0.158736              0              0
  885              3.883437             -0.051382              0              0
  886              3.806693             -0.146189              0              0
  887              3.406114              0.531538              0              0
  888              3.467354              0.655296              0              0
  889              3.466445             -0.656070              0              0
  890              3.402756             -0.538009              0              0
  891              1.753767             -0.531808              0              0
  892              1.653910             -0.503399              0              0
  893              1.797375             -0.425234              0              0
  894              0.512266             -0.858201              0              0
  895              0.508460              0.859825              0              0
  896              1.306509             -0.198612              0              0
  897              1.329648             -0.293753              0              0
  898              3.561188             -0.100386              0              0
  899              3.692920             -0.119803              0              0
  900              3.622205             -0.019418              0              0
  901              4.820127              0.527468              0              0
  902              4.820494             -0.528486              0              0
  903              9.240871              0.149115              0              0
  904              9.129566              0.090346              0              0
  905              1.322456              0.290889              0              0
  906              1.304095              0.196309              0              0
  907              1.366602             -0.385114              0              0
  908              1.366356              0.389620              0              0
  909              6.103130              0.251826              0              0
  910              5.985910              0.311039              0              0
  911              9.080366             -0.251931              0              0
  912              9.013236             -0.155083              0              0
  913              4.047148              0.061679              0              0
  914              4.115119             -0.031965              0              0
  915              3.507705              0.471501              0              0
  916              3.389118             -0.440799              0              0
  917              3.504617             -0.471028              0              0
  918              8.279157             -0.179136              0              0
  919              8.225123             -0.296173              0              0
  920              5.153691              0.505662              0              0
  921              5.275642              0.496516              0              0
  922              8.524103              0.169910              0              0
  923              2.007232             -0.257622              0              0
  924              1.666507              0.305579              0              0
  925              1.548398              0.371270              0              0
  926              5.258573              0.092139              0              0
  927              5.317183             -0.012034              0              0
  928              5.369713              0.078616              0              0
  929              5.261981             -0.106859              0              0
  930              9.129566             -0.090346              0              0
  931              2.404376             -0.595079              0              0
  932              2.378506             -0.735989              0              0
  933              2.378506              0.735989              0              0
  934              2.399728              0.595274              0              0
  935              4.532433              0.106567              0              0
  936              4.653304              0.115261              0              0
  937              5.393238              0.490609              0              0
  938              5.893658              0.201465              0              0
  939              5.968075              0.113811              0              0
  940              1.968011              0.197109              0              0
  941              1.883623              0.088188              0              0
  942              1.887120              0.301933              0              0
  943              1.792510              0.319158              0              0
  944              1.787674              0.193601              0              0
  945              4.424450              0.314685              0              0
  946              4.357284              0.395538              0              0
  947              4.486586              0.201153              0              0
  948              4.346550             -0.389943              0              0
  949              4.420303             -0.311920              0              0
  950              4.304197             -0.267194              0              0
  951              4.481582             -0.206747              0              0
  952              1.622137             -0.020290              0              0
  953              1.701306              0.086210              0              0
  954              8.225340              0.296627              0              0
  955              4.710699             -0.202537              0              0
  956              4.773785             -0.081683              0              0
  957              1.795916              0.068984              0              0
  958              1.797254             -0.019204              0              0
  959              1.027407              0.817621              0              0
  960              1.027407             -0.817621              0              0
  961              1.888242             -0.748502              0              0
  962              1.896781              0.753985              0              0
  963              1.569559             -0.381239              0              0
  964              1.692335             -0.319052              0              0
  965              1.909528             -0.308548              0              0
  966              1.804488             -0.202366              0              0
  967              1.807441             -0.324016              0              0
  968              5.206415             -0.195480              0              0
  969              5.252024             -0.310155              0              0
  970              9.013411              0.155515              0              0
  971              1.705974             -0.128121              0              0
  972              8.591782              0.278135              0              0
  973              6.339849              0.329931              0              0
  974              6.397471              0.453581              0              0
  975              6.341943             -0.325481              0              0
  976              6.398654             -0.450550              0              0
  977              5.966496             -0.112546              0              0
  978              5.887336             -0.198832              0              0
  979              4.754351              0.114550              0              0
  980              4.834103              0.035840              0              0
  981              8.768555             -0.162994              0              0
  982              8.713734             -0.268989              0              0
  983              4.984019             -0.411917              0              0
  984              5.088355             -0.452269              0              0
  985              9.916891              0.164158              0              0
  986              9.916891              0.039158              0              0
  987              4.799562             -0.301789              0              0
  988              4.870197             -0.373611              0              0
  989              2.853623              0.694640              0              0
  990              2.876802              0.562862              0              0
  991              2.878062             -0.561828              0              0
  992              2.853623             -0.694640              0              0
  993              2.218769              0.257560              0              0
  994              2.259163              0.351578              0              0
  995              4.144757              0.498185              0              0
  996              4.201866              0.611506              0              0
  997              4.250504              0.442432              0              0
  998              4.200804             -0.610515              0              0
  999              4.140567             -0.500157              0              0
 1000              4.128155             -0.406762              0              0
 1001              4.242855             -0.438611              0              0
 1002              0.106031              0.060361              0              0
 1003              0.112018             -0.057375              0              0
 1004              4.297626             -0.094586              0              0
 1005              4.423797             -0.094586              0              0
 1006              4.343473             -0.000000              0              0
 1007              4.423797              0.094586              0              0
 1008              0.323716              0.057143              0              0
 1009              0.218048              0.002986              0              0
 1010              0.329703             -0.060593              0              0
 1011              0.845115              0.307718              0              0
 1012              9.237604             -0.143463              0              0
 1013              9.202317             -0.242785              0              0
 1014              8.835484              0.235901              0              0
 1015              8.957435              0.226754              0              0
 1016              3.405703             -0.330867              0              0
 1017              3.303842             -0.397848              0              0
 1018              3.219246             -0.289926              0              0
 1019              4.000585              0.140880              0              0
 1020              3.966374              0.015272              0              0
 1021              4.873815              0.450366              0              0
 1022              4.931737              0.557044              0              0
 1023              4.977297              0.387202              0              0
 1024              4.865687              0.357626              0              0
 1025              4.876761             -0.461130              0              0
 1026              4.934316             -0.566791              0              0
 1027              1.339218              0.066324              0              0
 1028              6.045286              0.181449              0              0
 1029              6.046075             -0.183032              0              0
 1030              0.642434              0.320346              0              0
 1031              5.388998             -0.505711              0              0
 1032              1.455691             -0.431415              0              0
 1033              1.568402             -0.470447              0              0
 1034              0.341246              0.161557              0              0
 1035              5.303026              0.389564              0              0
 1036              1.334440             -0.086162              0              0
 1037              0.936229             -0.841263              0              0
 1038              0.936229              0.841263              0              0
 1039              5.081433              0.027891              0              0
 1040              5.164004              0.094486              0              0
 1041              5.275991             -0.501332              0              0
 1042              5.154040             -0.510478              0              0
 1043              0.738628             -0.084769              0              0
 1044              4.043254             -0.365693              0              0
 1045              3.960046             -0.258311              0              0
 1046              4.145543             -0.304147              0              0
 1047              0.840410             -0.145184              0              0
 1048              4.696270              0.212424              0              0
 1049              4.779762              0.316252              0              0
 1050              3.622683             -0.521999              0              0
 1051              3.588396             -0.646924              0              0
 1052              3.625333              0.520252              0              0
 1053              3.589305              0.646149              0              0
 1054              0.519011             -0.649625              0              0
 1055              0.519666              0.655686              0              0
 1056              8.713734              0.268989              0              0
 1057              9.080366              0.251931              0              0
 1058              5.459744              0.061008              0              0
 1059              0.269952              0.713164              0              0
 1060              0.269952             -0.713164              0              0
 1061              9.837431             -0.004697              0              0
 1062              0.530495             -0.163556              0              0
 1063              5.365862              0.283223              0              0
 1064              5.248267              0.289129              0              0
 1065              1.540042             -0.553575              0              0
 1066              4.358961             -0.483338              0              0
 1067              4.322755             -0.601369              0              0
 1068              4.323818              0.602359              0              0
 1069              4.364171              0.487093              0              0
 1070              5.401134              0.165180              0              0
 1071              5.455894              0.265614              0              0
 1072              0.804394              0.239593              0              0
 1073              5.299136             -0.409482              0              0
 1074              0.329194             -0.154308              0              0
 1075              0.434862             -0.100151              0              0
 1076              5.056267             -0.557645              0              0
 1077              1.983158              0.763545              0              0
 1078              1.985549             -0.766166              0              0
 1079              1.396518             -0.011286              0              0
 1080              5.053688              0.547898              0              0
 1081              5.085428              0.437706              0              0
 1082              5.077300              0.344966              0              0
 1083              5.153699              0.291476              0              0
 1084              5.216534              0.185135              0              0
 1085              9.306846              0.211208              0              0
 1086              1.808062             -0.112652              0              0
 1087              4.100076             -0.118168              0              0
 1088              4.202258             -0.086203              0              0
 1089              5.150476             -0.087131              0              0
 1090              9.920540             -0.043855              0              0
 1091              9.920540             -0.168855              0              0
 1092              3.296744             -0.178181              0              0
 1093              0.424736             -0.894151              0              0
 1094              0.302785             -0.903297              0              0
 1095              0.302024              0.903622              0              0
 1096              0.423975              0.894476              0              0
 1097              9.202317              0.242785              0              0
 1098              4.036790             -0.163504              0              0
 1099              5.922719              0.478246              0              0
 1100              4.282583             -0.180789              0              0
 1101              3.363434             -0.122390              0              0
 1102              3.472140             -0.088166              0              0
 1103              5.921598             -0.477415              0              0
 1104              5.794665             -0.268363              0              0
 1105              4.123929             -0.217742              0              0
 1106              3.542855             -0.188551              0              0
 1107              3.472393             -0.275075              0              0
 1108              0.749506              0.331838              0              0
 1109              0.435068              0.698846              0              0
 1110              0.438874             -0.697222              0              0
 1111              1.557369              0.554056              0              0
 1112              1.549346              0.458131              0              0
 1113              0.449197             -0.788938              0              0
 1114              0.444630              0.790887              0              0
 1115              0.350583              0.733497              0              0
 1116              0.351344             -0.733172              0              0
 1117              1.457796              0.429068              0              0
 1118              5.804346              0.273318              0              0
 1119              6.033321              0.068699              0              0
 1120              6.091014              0.000530              0              0
 1121              6.035689             -0.069426              0              0
 1122              5.884212             -0.295683              0              0
 1123              5.890539             -0.379534              0              0
 1124              0.280276             -0.804880              0              0
 1125              0.279515              0.805204              0              0
 1126              5.896598              0.382891              0              0
 1127              5.890729              0.298414              0              0
 1128              0.932825             -0.109086              0              0
 1129              1.365445             -0.474322              0              0
 1130              1.367303              0.476480              0              0
 1131              1.353842             -0.570708              0              0
 1132              1.356471              0.570667              0              0
 1133              3.387117             -0.232123              0              0
 1134              4.208830             -0.258811              0              0
 1135              2.297023             -0.564336              0              0
 1136              2.305540              0.571384              0              0
 1137              2.220385              0.516742              0              0
 1138              1.462071             -0.609519              0              0
 1139              1.464175              0.607172              0              0
 1140              2.231507              0.424496              0              0
