    0         3         0       139       173       239
    1         3         0       140       239       174
    2         3         0       239       173       103
    3         3         0       239       103       174
    4         3         0       104       138       167
    5         3         0        94       196       185
    6         3         0        94       184       195
    7         3         0        31        32       148
    8         3         0        56        57       147
    9         3         0        74       166       230
   10         3         0        14       229       165
   11         3         0        74        75       166
   12         3         0        13        14       165
   13         3         0        72       176       178
   14         3         0        16       177       175
   15         3         0       122       184       165
   16         3         0       104       165       184
   17         3         0       105       185       166
   18         3         0       123       166       185
   19         3         0        94       185       138
   20         3         0        94       138       184
   21         3         0       108       201       178
   22         3         0       126       178       201
   23         3         0        93       167       169
   24         3         0         8       265       144
   25         3         0        80       145       266
   26         3         0       122       195       184
   27         3         0       123       185       196
   28         3         0        45        46       146
   29         3         0        42        43       146
   30         3         0       122       175       195
   31         3         0       107       195       175
   32         3         0       108       176       196
   33         3         0       123       196       176
   34         3         0       114       164       163
   35         3         0       120       163       164
   36         3         0       121       141       235
   37         3         0       106       193       139
   38         3         0       106       140       194
   39         3         0       104       184       138
   40         3         0        89       270       158
   41         3         0        87       157       269
   42         3         0        31       148       194
   43         3         0        57       193       147
   44         3         0       106       139       239
   45         3         0       106       239       140
   46         3         0         8         9       265
   47         3         0        79        80       266
   48         3         0        89        90       270
   49         3         0        86        87       269
   50         3         0       138       185       240
   51         3         0       105       240       185
   52         3         0        97       136       234
   53         3         0        97       254       136
   54         3         0       100       200       150
   55         3         0       124       150       200
   56         3         0        72        73       176
   57         3         0        15        16       175
   58         3         0       110       274       142
   59         3         0       111       143       275
   60         3         0        69       188       181
   61         3         0        19       182       187
   62         3         0       121       202       141
   63         3         0        33        34       160
   64         3         0        54        55       159
   65         3         0        82       221       142
   66         3         0         6       143       220
   67         3         0       285       189        92
   68         3         0       161       189       285
   69         3         0       108       178       176
   70         3         0       107       175       177
   71         3         0        52        53       163
   72         3         0        35        36       164
   73         3         0        42       146       183
   74         3         0       122       165       229
   75         3         0       123       230       166
   76         3         0       120       172       180
   77         3         0       102       255       171
   78         3         0       106       147       193
   79         3         0       106       194       148
   80         3         0       113       188       217
   81         3         0        98       272       157
   82         3         0        99       158       273
   83         3         0       126       217       188
   84         3         0       129       157       272
   85         3         0       128       273       158
   86         3         0       107       149       195
   87         3         0        94       195       149
   88         3         0        94       149       196
   89         3         0        26       228       150
   90         3         0       132       171       255
   91         3         0         8       144       204
   92         3         0        80       205       145
   93         3         0       100       224       267
   94         3         0       111       204       144
   95         3         0       110       145       205
   96         3         0       111       241       143
   97         3         0       100       271       224
   98         3         0        62       154       238
   99         3         0       147       262       206
  100         3         0       148       207       262
  101         3         0       262       109       206
  102         3         0       262       207       109
  103         3         0       125       187       216
  104         3         0       112       216       187
  105         3         0        78       266       153
  106         3         0        10       152       265
  107         3         0        32       207       148
  108         3         0        56       147       206
  109         3         0         6       275       143
  110         3         0        82       142       274
  111         3         0       110       142       226
  112         3         0       167       240       169
  113         3         0        99       143       241
  114         3         0       111       144       260
  115         3         0       110       261       145
  116         3         0       127       180       172
  117         3         0       111       285       151
  118         3         0        98       226       142
  119         3         0        46       244       146
  120         3         0        98       142       272
  121         3         0        99       273       143
  122         3         0        92       189       162
  123         3         0        92       162       186
  124         3         0       107       199       149
  125         3         0        96       237       213
  126         3         0       117       280       155
  127         3         0       118       156       281
  128         3         0        37        38       172
  129         3         0       110       186       162
  130         3         0        28        29       174
  131         3         0        59        60       173
  132         3         0       113       181       188
  133         3         0       112       187       182
  134         3         0        95       201       199
  135         3         0       159       206       282
  136         3         0       160       282       207
  137         3         0       106       262       147
  138         3         0       106       148       262
  139         3         0        99       151       202
  140         3         0       282       206       109
  141         3         0       282       109       207
  142         3         0        66       198       191
  143         3         0        22       192       197
  144         3         0       110       205       274
  145         3         0       111       275       204
  146         3         0       101       170       259
  147         3         0       132       259       170
  148         3         0        62       233       154
  149         3         0        10       223       152
  150         3         0        78       153       222
  151         3         0       117       155       208
  152         3         0       168       293       217
  153         3         0        52       163       231
  154         3         0        36       232       164
  155         3         0       293       113       217
  156         3         0       127       179       215
  157         3         0       111       161       285
  158         3         0        43       284       146
  159         3         0        69        70       188
  160         3         0        18        19       187
  161         3         0        45       146       243
  162         3         0       113       213       181
  163         3         0       130       181       213
  164         3         0       141       307       235
  165         3         0        71        72       178
  166         3         0        16        17       177
  167         3         0       130       213       237
  168         3         0        33       160       207
  169         3         0        55       206       159
  170         3         0        26       150       253
  171         3         0        54       159       218
  172         3         0       114       218       159
  173         3         0       114       160       219
  174         3         0        34       219       160
  175         3         0       149       300       196
  176         3         0        99       241       151
  177         3         0       118       299       156
  178         3         0        97       225       264
  179         3         0       124       253       150
  180         3         0       120       231       163
  181         3         0       120       164       232
  182         3         0        28       174       278
  183         3         0        87       212       157
  184         3         0        89       158       211
  185         3         0        30       194       288
  186         3         0        58       289       193
  187         3         0       108       196       300
  188         3         0       100       150       271
  189         3         0        39        40       179
  190         3         0       118       222       153
  191         3         0       111       151       241
  192         3         0        93       248       167
  193         3         0        95       217       201
  194         3         0       126       201       217
  195         3         0        85       269       251
  196         3         0        91       252       270
  197         3         0       114       159       282
  198         3         0       114       282       160
  199         3         0       128       158       270
  200         3         0       129       269       157
  201         3         0        30        31       194
  202         3         0        57        58       193
  203         3         0       199       201       300
  204         3         0       120       180       231
  205         3         0       154       100       267
  206         3         0       115       191       198
  207         3         0       116       197       192
  208         3         0       118       153       263
  209         3         0       135       215       179
  210         3         0       103       173       297
  211         3         0       103       298       174
  212         3         0       104       305       165
  213         3         0       105       166       304
  214         3         0       306       100       154
  215         3         0       116       203       190
  216         3         0       114       219       164
  217         3         0        35       164       219
  218         3         0        53       218       163
  219         3         0       114       163       218
  220         3         0        92       186       279
  221         3         0       137       264       225
  222         3         0        78        79       266
  223         3         0         9        10       265
  224         3         0        38       257       172
  225         3         0        68        69       181
  226         3         0        19        20       182
  227         3         0       141       279       186
  228         3         0        60       283       173
  229         3         0       135       183       244
  230         3         0         3       251        84
  231         3         0         0         4       252
  232         3         0       111       260       161
  233         3         0       110       162       261
  234         3         0        50        51       180
  235         3         0        61        62       238
  236         3         0        99       247       158
  237         3         0       155       305       208
  238         3         0         3        85       251
  239         3         0         0       252        91
  240         3         0        85        86       269
  241         3         0        90        91       270
  242         3         0       134       278       174
  243         3         0        98       157       235
  244         3         0       137       227       264
  245         3         0       104       167       208
  246         3         0        12       246       155
  247         3         0        76       156       245
  248         3         0        12       155       280
  249         3         0        76       281       156
  250         3         0        26        27       228
  251         3         0       117       223       280
  252         3         0       118       281       222
  253         3         0       127       215       258
  254         3         0       140       288       194
  255         3         0       139       193       289
  256         3         0       104       208       305
  257         3         0        41        42       183
  258         3         0       118       169       299
  259         3         0        21        22       197
  260         3         0        66        67       198
  261         3         0       127       172       257
  262         3         0       112       210       168
  263         3         0        71       178       250
  264         3         0        17       249       177
  265         3         0       152       223       268
  266         3         0       117       268       223
  267         3         0         5         6       220
  268         3         0        82        83       221
  269         3         0       101       259       161
  270         3         0        95       216       168
  271         3         0        65        66       191
  272         3         0        22        23       192
  273         3         0       135       244       287
  274         3         0       102       162       255
  275         3         0       112       168       216
  276         3         0        95       168       217
  277         3         0       101       161       260
  278         3         0       102       261       162
  279         3         0       133       173       283
  280         3         0        40       286       179
  281         3         0        96       213       210
  282         3         0       126       250       178
  283         3         0       125       177       249
  284         3         0       120       232       172
  285         3         0        37       172       232
  286         3         0        63        64       209
  287         3         0       127       258       180
  288         3         0       146       244       183
  289         3         0       167       248       208
  290         3         0       102       171       263
  291         3         0       119       214       200
  292         3         0       124       200       214
  293         3         0       135       179       286
  294         3         0        13       165       246
  295         3         0        75       245       166
  296         3         0        32        33       207
  297         3         0        55        56       206
  298         3         0       115       190       203
  299         3         0        62        63       233
  300         3         0       133       267       224
  301         3         0        93       169       301
  302         3         0       118       301       169
  303         3         0       118       171       301
  304         3         0       130       237       198
  305         3         0       115       198       237
  306         3         0       131       197       236
  307         3         0       116       236       197
  308         3         0       132       294       171
  309         3         0        51       231       180
  310         3         0       116       225       203
  311         3         0       171       294       301
  312         3         0        93       301       294
  313         3         0        80        81       205
  314         3         0         7         8       204
  315         3         0        10        11       223
  316         3         0        77        78       222
  317         3         0       101       268       170
  318         3         0       118       263       171
  319         3         0       138       240       167
  320         3         0       117       248       170
  321         3         0       124       264       227
  322         3         0       135       287       215
  323         3         0       132       170       294
  324         3         0        50       180       258
  325         3         0        59       173       289
  326         3         0       139       289       173
  327         3         0       140       174       288
  328         3         0        29       288       174
  329         3         0       134       224       271
  330         3         0        97       234       203
  331         3         0       127       257       179
  332         3         0        39       179       257
  333         3         0       137       303       227
  334         3         0         2        45       243
  335         3         0         2       243        44
  336         3         0       116       192       225
  337         3         0       137       225       192
  338         3         0        73       230       176
  339         3         0        15       175       229
  340         3         0       169       240       299
  341         3         0       105       299       240
  342         3         0        68       181       276
  343         3         0       130       276       181
  344         3         0        20       277       182
  345         3         0       131       182       277
  346         3         0        87        88       212
  347         3         0        88        89       211
  348         3         0        96       236       190
  349         3         0        96       190       237
  350         3         0       117       170       268
  351         3         0       121       212       211
  352         3         0       110       226       186
  353         3         0       122       229       175
  354         3         0       123       176       230
  355         3         0        88       211       212
  356         3         0       135       286       183
  357         3         0        41       183       286
  358         3         0        48        49       215
  359         3         0       125       256       177
  360         3         0       107       177       256
  361         3         0       210       213       293
  362         3         0        65       191       302
  363         3         0       136       302       191
  364         3         0       137       192       303
  365         3         0        23       303       192
  366         3         0       162       189       255
  367         3         0        53        54       218
  368         3         0        34        35       219
  369         3         0       133       297       173
  370         3         0       134       174       298
  371         3         0        97       203       225
  372         3         0        98       235       307
  373         3         0        25        26       253
  374         3         0       101       295       268
  375         3         0       121       235       212
  376         3         0       157       212       235
  377         3         0        63       209       233
  378         3         0       161       259       189
  379         3         0         6         7       275
  380         3         0        81        82       274
  381         3         0        97       214       254
  382         3         0        24        25       227
  383         3         0       141       202       279
  384         3         0       112       182       242
  385         3         0       131       242       182
  386         3         0       151       279       202
  387         3         0       115       234       191
  388         3         0       136       191       234
  389         3         0        18       187       249
  390         3         0       125       249       187
  391         3         0       126       188       250
  392         3         0        70       250       188
  393         3         0        73        74       230
  394         3         0        14        15       229
  395         3         0       143       273       220
  396         3         0       142       221       272
  397         3         0        49       258       215
  398         3         0       116       190       236
  399         3         0       115       237       190
  400         3         0        48       215       287
  401         3         0       100       306       200
  402         3         0       129       251       269
  403         3         0       128       270       252
  404         3         0       146       284       243
  405         3         0        99       202       247
  406         3         0       149       199       300
  407         3         0       119       233       209
  408         3         0       152       268       295
  409         3         0       131       277       197
  410         3         0        21       197       277
  411         3         0        67       276       198
  412         3         0       130       198       276
  413         3         0        51        52       231
  414         3         0        36        37       232
  415         3         0       119       306       233
  416         3         0       117       208       248
  417         3         0       141       186       307
  418         3         0        12        13       246
  419         3         0        75        76       245
  420         3         0       115       203       234
  421         3         0       124       227       253
  422         3         0       121       211       247
  423         3         0       158       247       211
  424         3         0        24       227       303
  425         3         0        76        77       281
  426         3         0        11        12       280
  427         3         0       132       255       189
  428         3         0       154       233       306
  429         3         0       132       189       259
  430         3         0        64       302       209
  431         3         0       136       209       302
  432         3         0       136       254       209
  433         3         0       119       209       254
  434         3         0        46        47       244
  435         3         0       170       248       294
  436         3         0        93       294       248
  437         3         0        96       210       308
  438         3         0        97       264       214
  439         3         0        17        18       249
  440         3         0        70        71       250
  441         3         0       121       247       202
  442         3         0         1        44       284
  443         3         0        38        39       257
  444         3         0        49        50       258
  445         3         0       107       256       199
  446         3         0         4         5       291
  447         3         0        83        84       290
  448         3         0        47       287       244
  449         3         0       112       242       210
  450         3         0         1       284        43
  451         3         0        60        61       283
  452         3         0        96       308       236
  453         3         0        95       199       292
  454         3         0        20        21       277
  455         3         0        67        68       276
  456         3         0        27        28       278
  457         3         0        40        41       286
  458         3         0        47        48       287
  459         3         0        29        30       288
  460         3         0        58        59       289
  461         3         0         7       204       275
  462         3         0        81       274       205
  463         3         0       119       254       214
  464         3         0       150       228       271
  465         3         0        64        65       302
  466         3         0        23        24       303
  467         3         0       108       300       201
  468         3         0       119       200       306
  469         3         0       210       242       308
  470         3         0       124       214       264
  471         3         0       125       216       292
  472         3         0       186       226       307
  473         3         0        25       253       227
  474         3         0        95       292       216
  475         3         0       168       210       293
  476         3         0       113       293       213
  477         3         0       129       272       221
  478         3         0       128       220       273
  479         3         0       153       296       263
  480         3         0         5       220       291
  481         3         0        83       290       221
  482         3         0       129       221       290
  483         3         0       128       291       220
  484         3         0       102       263       296
  485         3         0        11       280       223
  486         3         0        77       222       281
  487         3         0       154       267       238
  488         3         0       133       224       297
  489         3         0       103       297       224
  490         3         0       103       224       298
  491         3         0       134       298       224
  492         3         0       134       271       228
  493         3         0       134       228       278
  494         3         0        27       278       228
  495         3         0         4       291       252
  496         3         0        84       251       290
  497         3         0        61       238       283
  498         3         0       133       238       267
  499         3         0        92       279       285
  500         3         0       151       285       279
  501         3         0        98       307       226
  502         3         0       101       260       295
  503         3         0       102       296       261
  504         3         0       144       295       260
  505         3         0       145       261       296
  506         3         0       125       292       256
  507         3         0       133       283       238
  508         3         0       199       256       292
  509         3         0       131       236       308
  510         3         0        44       243       284
  511         3         0       131       308       242
  512         3         0       129       290       251
  513         3         0       128       252       291
  514         3         0       165       305       246
  515         3         0       166       245       304
  516         3         0       156       304       245
  517         3         0       155       246       305
  518         3         0       152       295       265
  519         3         0       153       266       296
  520         3         0       105       304       299
  521         3         0       156       299       304
  522         3         0       144       265       295
  523         3         0       145       296       266
