    0              0.000000             -1.000000             -1             -1
    1             10.000000             -0.250000              0              0
    2             10.000000              0.250000              0              0
    3              0.000000              1.000000             -1             -1
    4              0.243902             -0.981707              0              0
    5              0.487805             -0.963415              0              0
    6              0.731707             -0.945122              0              0
    7              0.975610             -0.926829              0              0
    8              1.219512             -0.908537              0              0
    9              1.463415             -0.890244              0              0
   10              1.707317             -0.871951              0              0
   11              1.951220             -0.853659              0              0
   12              2.195122             -0.835366              0              0
   13              2.439024             -0.817073              0              0
   14              2.682927             -0.798780              0              0
   15              2.926829             -0.780488              0              0
   16              3.170732             -0.762195              0              0
   17              3.414634             -0.743902              0              0
   18              3.658537             -0.725610              0              0
   19              3.902439             -0.707317              0              0
   20              4.146341             -0.689024              0              0
   21              4.390244             -0.670732              0              0
   22              4.634146             -0.652439              0              0
   23              4.878049             -0.634146              0              0
   24              5.121951             -0.615854              0              0
   25              5.365854             -0.597561              0              0
   26              5.609756             -0.579268              0              0
   27              5.853659             -0.560976              0              0
   28              6.097561             -0.542683              0              0
   29              6.341463             -0.524390              0              0
   30              6.585366             -0.506098              0              0
   31              6.829268             -0.487805              0              0
   32              7.073171             -0.469512              0              0
   33              7.317073             -0.451220              0              0
   34              7.560976             -0.432927              0              0
   35              7.804878             -0.414634              0              0
   36              8.048780             -0.396341              0              0
   37              8.292683             -0.378049              0              0
   38              8.536585             -0.359756              0              0
   39              8.780488             -0.341463              0              0
   40              9.024390             -0.323171              0              0
   41              9.268293             -0.304878              0              0
   42              9.512195             -0.286585              0              0
   43              9.756098             -0.268293              0              0
   44             10.000000             -0.000000              0              0
   45              9.756098              0.268293              0              0
   46              9.512195              0.286585              0              0
   47              9.268293              0.304878              0              0
   48              9.024390              0.323171              0              0
   49              8.780488              0.341463              0              0
   50              8.536585              0.359756              0              0
   51              8.292683              0.378049              0              0
   52              8.048780              0.396341              0              0
   53              7.804878              0.414634              0              0
   54              7.560976              0.432927              0              0
   55              7.317073              0.451220              0              0
   56              7.073171              0.469512              0              0
   57              6.829268              0.487805              0              0
   58              6.585366              0.506098              0              0
   59              6.341463              0.524390              0              0
   60              6.097561              0.542683              0              0
   61              5.853659              0.560976              0              0
   62              5.609756              0.579268              0              0
   63              5.365854              0.597561              0              0
   64              5.121951              0.615854              0              0
   65              4.878049              0.634146              0              0
   66              4.634146              0.652439              0              0
   67              4.390244              0.670732              0              0
   68              4.146341              0.689024              0              0
   69              3.902439              0.707317              0              0
   70              3.658537              0.725610              0              0
   71              3.414634              0.743902              0              0
   72              3.170732              0.762195              0              0
   73              2.926829              0.780488              0              0
   74              2.682927              0.798780              0              0
   75              2.439024              0.817073              0              0
   76              2.195122              0.835366              0              0
   77              1.951220              0.853659              0              0
   78              1.707317              0.871951              0              0
   79              1.463415              0.890244              0              0
   80              1.219512              0.908537              0              0
   81              0.975610              0.926829              0              0
   82              0.731707              0.945122              0              0
   83              0.487805              0.963415              0              0
   84              0.243902              0.981707              0              0
   85              0.000000              0.750000             -1             -1
   86              0.000000              0.500000             -1             -1
   87              0.000000              0.250000             -1             -1
   88              0.000000              0.000000             -1             -1
   89              0.000000             -0.250000             -1             -1
   90              0.000000             -0.500000             -1             -1
   91              0.000000             -0.750000             -1             -1
   92              1.052396              0.048260              0              0
   93              1.884961              0.000000              0              0
   94              2.724883             -0.000000              0              0
   95              3.490474              0.000000              0              0
   96              4.217302             -0.000000              0              0
   97              4.956822              0.054293              0              0
   98              0.576083              0.376978              0              0
   99              0.605824             -0.364472              0              0
  100              5.683356              0.004912              0              0
  101              1.456848             -0.342208              0              0
  102              1.456848              0.342208              0              0
  103              6.225917              0.000000              0              0
  104              2.320030             -0.295189              0              0
  105              2.348405              0.342030              0              0
  106              6.724786              0.000000              0              0
  107              3.118065             -0.291937              0              0
  108              3.127648              0.309828              0              0
  109              7.189760              0.000000              0              0
  110              1.027257              0.501463              0              0
  111              1.020974             -0.473792              0              0
  112              3.859450             -0.253543              0              0
  113              3.872535              0.283281              0              0
  114              7.621443             -0.000000              0              0
  115              4.595223              0.213134              0              0
  116              4.585213             -0.224321              0              0
  117              1.912481             -0.430199              0              0
  118              1.891956              0.427489              0              0
  119              5.311103              0.182788              0              0
  120              8.141692             -0.000000              0              0
  121              0.435370             -0.006435              0              0
  122              2.732103             -0.400789              0              0
  123              2.732103              0.400789              0              0
  124              5.317920             -0.215208              0              0
  125              3.490979             -0.373818              0              0
  126              3.495336              0.376313              0              0
  127              8.632241              0.000000              0              0
  128              0.341021             -0.641456              0              0
  129              0.341021              0.641456              0              0
  130              4.243618              0.350876              0              0
  131              4.230444             -0.345216              0              0
  132              1.534726             -0.002173              0              0
  133              5.980040              0.226562              0              0
  134              5.976882             -0.226152              0              0
  135              9.122790              0.000000              0              0
  136              4.969169              0.294461              0              0
  137              4.977455             -0.324398              0              0
  138              2.425807             -0.043757              0              0
  139              6.475352              0.203538              0              0
  140              6.475352             -0.203538              0              0
  141              0.679438              0.087711              0              0
  142              0.726778              0.612870              0              0
  143              0.743001             -0.621966              0              0
  144              1.253151             -0.620793              0              0
  145              1.254198              0.625405              0              0
  146              9.615519              0.001432              0              0
  147              6.940404              0.217955              0              0
  148              6.940404             -0.217955              0              0
  149              3.019913             -0.031999              0              0
  150              5.581057             -0.272170              0              0
  151              0.830203             -0.254076              0              0
  152              1.625550             -0.586528              0              0
  153              1.655995              0.592183              0              0
  154              5.615456              0.279044              0              0
  155              2.143621             -0.555147              0              0
  156              2.147677              0.545619              0              0
  157              0.279898              0.350434              0              0
  158              0.279898             -0.350434              0              0
  159              7.456081              0.226679              0              0
  160              7.456081             -0.226679              0              0
  161              1.202448             -0.245299              0              0
  162              1.188064              0.239569              0              0
  163              7.905602              0.158334              0              0
  164              7.903915             -0.153116              0              0
  165              2.490765             -0.535253              0              0
  166              2.481468              0.535644              0              0
  167              2.130267             -0.073465              0              0
  168              3.753937             -0.038835              0              0
  169              2.053738              0.217842              0              0
  170              1.702401             -0.217834              0              0
  171              1.693064              0.210826              0              0
  172              8.400749             -0.143976              0              0
  173              6.226220              0.277091              0              0
  174              6.228041             -0.274251              0              0
  175              2.975708             -0.514864              0              0
  176              2.973188              0.516931              0              0
  177              3.287257             -0.507780              0              0
  178              3.292153              0.496388              0              0
  179              8.890130             -0.129474              0              0
  180              8.401226              0.143307              0              0
  181              4.032123              0.462383              0              0
  182              4.025867             -0.468309              0              0
  183              9.338867             -0.106234              0              0
  184              2.565680             -0.225338              0              0
  185              2.549199              0.221302              0              0
  186              0.900003              0.215474              0              0
  187              3.727111             -0.475760              0              0
  188              3.730591              0.473815              0              0
  189              1.258310             -0.020399              0              0
  190              4.469644             -0.000000              0              0
  191              4.762206              0.420790              0              0
  192              4.762939             -0.422825              0              0
  193              6.682612              0.289155              0              0
  194              6.682612             -0.289155              0              0
  195              2.877698             -0.215448              0              0
  196              2.900166              0.220027              0              0
  197              4.462655             -0.434669              0              0
  198              4.470951              0.440199              0              0
  199              3.273062             -0.068447              0              0
  200              5.428323             -0.025556              0              0
  201              3.354491              0.203403              0              0
  202              0.626637             -0.133245              0              0
  203              4.711384              0.017387              0              0
  204              1.079204             -0.708413              0              0
  205              1.079204              0.708413              0              0
  206              7.193067              0.195052              0              0
  207              7.193067             -0.195052              0              0
  208              2.107888             -0.328346              0              0
  209              5.185431              0.395470              0              0
  210              4.012937             -0.063929              0              0
  211              0.224035             -0.114750              0              0
  212              0.212062              0.120721              0              0
  213              4.081359              0.187287              0              0
  214              5.206043              0.001489              0              0
  215              8.890480              0.130338              0              0
  216              3.631902             -0.200771              0              0
  217              3.659597              0.198922              0              0
  218              7.669088              0.238150              0              0
  219              7.668755             -0.235281              0              0
  220              0.536727             -0.752988              0              0
  221              0.529115              0.756236              0              0
  222              1.842342              0.654311              0              0
  223              1.825264             -0.643345              0              0
  224              5.956110              0.001061              0              0
  225              4.836186             -0.180753              0              0
  226              0.790227              0.399963              0              0
  227              5.186128             -0.405103              0              0
  228              5.791541             -0.365214              0              0
  229              2.780416             -0.608792              0              0
  230              2.780416              0.608792              0              0
  231              8.157997              0.215206              0              0
  232              8.157564             -0.214296              0              0
  233              5.420621              0.383657              0              0
  234              4.797318              0.211713              0              0
  235              0.470430              0.202393              0              0
  236              4.377950             -0.189172              0              0
  237              4.377950              0.189172              0              0
  238              5.801417              0.370267              0              0
  239              6.433678              0.000000              0              0
  240              2.267616              0.153992              0              0
  241              0.811544             -0.434909              0              0
  242              4.060642             -0.263078              0              0
  243              9.833782              0.078316              0              0
  244              9.345400              0.117539              0              0
  245              2.317988              0.654904              0              0
  246              2.317988             -0.654904              0              0
  247              0.434353             -0.193867              0              0
  248              1.906576             -0.186898              0              0
  249              3.518255             -0.568238              0              0
  250              3.520074              0.566689              0              0
  251              0.198884              0.784872              0              0
  252              0.198884             -0.784872              0              0
  253              5.412143             -0.413862              0              0
  254              5.121966              0.187482              0              0
  255              1.420126              0.153048              0              0
  256              3.320427             -0.287915              0              0
  257              8.646979             -0.196514              0              0
  258              8.646979              0.196514              0              0
  259              1.410569             -0.151925              0              0
  260              1.276357             -0.428021              0              0
  261              1.275863              0.437032              0              0
  262              6.998365              0.000000              0              0
  263              1.639949              0.400332              0              0
  264              5.094909             -0.175752              0              0
  265              1.469608             -0.698415              0              0
  266              1.469608              0.698415              0              0
  267              5.807276              0.176369              0              0
  268              1.682270             -0.420270              0              0
  269              0.191135              0.521006              0              0
  270              0.191135             -0.521006              0              0
  271              5.797789             -0.171513              0              0
  272              0.510216              0.555135              0              0
  273              0.501294             -0.546263              0              0
  274              0.896847              0.755697              0              0
  275              0.896847             -0.755697              0              0
  276              4.257391              0.533987              0              0
  277              4.255267             -0.532006              0              0
  278              5.989537             -0.393855              0              0
  279              0.850618             -0.036293              0              0
  280              2.019878             -0.678673              0              0
  281              2.015097              0.673432              0              0
  282              7.376613              0.000000              0              0
  283              5.991779              0.395515              0              0
  284              9.841080             -0.087709              0              0
  285              1.015032             -0.181880              0              0
  286              9.136342             -0.180692              0              0
  287              9.136342              0.180692              0              0
  288              6.455845             -0.376711              0              0
  289              6.453479              0.382772              0              0
  290              0.360145              0.825537              0              0
  291              0.361668             -0.824887              0              0
  292              3.453807             -0.176332              0              0
  293              3.919812              0.094474              0              0
  294              1.709548             -0.038407              0              0
  295              1.454534             -0.520623              0              0
  296              1.458743              0.515929              0              0
  297              6.110531              0.136337              0              0
  298              6.115268             -0.139912              0              0
  299              2.169922              0.361127              0              0
  300              3.135056              0.126562              0              0
  301              1.882284              0.176376              0              0
  302              4.985424              0.479942              0              0
  303              4.990583             -0.499436              0              0
  304              2.293092              0.487865              0              0
  305              2.276058             -0.473768              0              0
  306              5.491166              0.147572              0              0
  307              0.708785              0.263713              0              0
  308              4.187215             -0.172406              0              0
