0 0.000000 -6.849315
1 0.000000 -6.849315
6 0.000000 -13.698630
7 0.000000 -13.698630
8 0.000000 -13.698630
9 0.000000 -13.698630
10 0.000000 -13.698630
11 0.000000 -13.698630
12 0.000000 -13.698630
13 0.000000 -13.698630
14 0.000000 -13.698630
15 0.000000 -13.698630
16 0.000000 -13.698630
17 0.000000 -13.698630
18 0.000000 -13.698630
19 0.000000 -13.698630
20 0.000000 -13.698630
21 0.000000 -13.698630
22 0.000000 -13.698630
23 0.000000 -13.698630
24 0.000000 -13.698630
25 0.000000 -13.698630
26 0.000000 -13.698630
27 0.000000 -13.698630
28 0.000000 -13.698630
29 0.000000 -13.698630
30 0.000000 -13.698630
31 0.000000 -13.698630
32 0.000000 -13.698630
33 0.000000 -13.698630
34 0.000000 -13.698630
35 0.000000 -13.698630
36 0.000000 -13.698630
37 0.000000 -13.698630
38 0.000000 -13.698630
39 0.000000 -13.698630
40 0.000000 -13.698630
41 0.000000 -13.698630
42 0.000000 -13.698630
43 0.000000 -13.698630
44 0.000000 -13.698630
45 0.000000 -13.698630
46 0.000000 -13.698630
47 0.000000 -13.698630
48 0.000000 -13.698630
49 0.000000 -13.698630
50 0.000000 -13.698630
51 0.000000 -13.698630
52 0.000000 -13.698630
53 0.000000 -13.698630
54 0.000000 -13.698630
55 0.000000 -13.698630
56 0.000000 -13.698630
57 0.000000 -13.698630
58 0.000000 -13.698630
59 0.000000 -13.698630
60 0.000000 -13.698630
61 0.000000 -13.698630
62 0.000000 -13.698630
63 0.000000 -13.698630
64 0.000000 -13.698630
65 0.000000 -13.698630
66 0.000000 -13.698630
67 0.000000 -13.698630
68 0.000000 -13.698630
69 0.000000 -13.698630
70 0.000000 -13.698630
71 0.000000 -13.698630
72 0.000000 -13.698630
73 0.000000 -13.698630
74 0.000000 -13.698630
75 0.000000 -13.698630
76 0.000000 -13.698630
