0 3 0 0 4 95
1 3 0 4 168 95
2 3 0 4 5 168
3 3 0 95 168 94
4 3 0 94 168 170
5 3 0 168 169 170
6 3 0 168 5 169
7 3 0 170 169 96
8 3 0 94 170 93
9 3 0 170 171 93
10 3 0 170 96 171
11 3 0 93 171 92
12 3 0 92 171 173
13 3 0 171 172 173
14 3 0 171 96 172
15 3 0 173 172 97
16 3 0 92 173 91
17 3 0 173 174 91
18 3 0 173 97 174
19 3 0 91 174 90
20 3 0 90 174 176
21 3 0 174 175 176
22 3 0 174 97 175
23 3 0 176 175 98
24 3 0 90 176 89
25 3 0 176 177 89
26 3 0 176 98 177
27 3 0 89 177 88
28 3 0 88 177 179
29 3 0 177 178 179
30 3 0 177 98 178
31 3 0 179 178 99
32 3 0 88 179 87
33 3 0 179 180 87
34 3 0 179 99 180
35 3 0 87 180 3
36 3 0 3 180 86
37 3 0 180 181 86
38 3 0 180 99 181
39 3 0 86 181 85
40 3 0 5 6 169
41 3 0 6 182 169
42 3 0 6 7 182
43 3 0 169 182 96
44 3 0 96 182 184
45 3 0 182 183 184
46 3 0 182 7 183
47 3 0 184 183 100
48 3 0 96 184 172
49 3 0 184 185 172
50 3 0 184 100 185
51 3 0 172 185 97
52 3 0 97 185 187
53 3 0 185 186 187
54 3 0 185 100 186
55 3 0 187 186 101
56 3 0 97 187 175
57 3 0 187 188 175
58 3 0 187 101 188
59 3 0 175 188 98
60 3 0 98 188 190
61 3 0 188 189 190
62 3 0 188 101 189
63 3 0 190 189 102
64 3 0 98 190 178
65 3 0 190 191 178
66 3 0 190 102 191
67 3 0 178 191 99
68 3 0 99 191 193
69 3 0 191 192 193
70 3 0 191 102 192
71 3 0 193 192 103
72 3 0 99 193 181
73 3 0 193 194 181
74 3 0 193 103 194
75 3 0 181 194 85
76 3 0 85 194 84
77 3 0 194 195 84
78 3 0 194 103 195
79 3 0 84 195 83
80 3 0 7 8 183
81 3 0 8 196 183
82 3 0 8 9 196
83 3 0 183 196 100
84 3 0 100 196 198
85 3 0 196 197 198
86 3 0 196 9 197
87 3 0 198 197 104
88 3 0 100 198 186
89 3 0 198 199 186
90 3 0 198 104 199
91 3 0 186 199 101
92 3 0 101 199 201
93 3 0 199 200 201
94 3 0 199 104 200
95 3 0 201 200 105
96 3 0 101 201 189
97 3 0 201 202 189
98 3 0 201 105 202
99 3 0 189 202 102
100 3 0 102 202 204
101 3 0 202 203 204
102 3 0 202 105 203
103 3 0 204 203 106
104 3 0 102 204 192
105 3 0 204 205 192
106 3 0 204 106 205
107 3 0 192 205 103
108 3 0 103 205 207
109 3 0 205 206 207
110 3 0 205 106 206
111 3 0 207 206 107
112 3 0 103 207 195
113 3 0 207 208 195
114 3 0 207 107 208
115 3 0 195 208 83
116 3 0 83 208 82
117 3 0 208 209 82
118 3 0 208 107 209
119 3 0 82 209 81
120 3 0 9 10 197
121 3 0 10 210 197
122 3 0 10 11 210
123 3 0 197 210 104
124 3 0 104 210 212
125 3 0 210 211 212
126 3 0 210 11 211
127 3 0 212 211 108
128 3 0 104 212 200
129 3 0 212 213 200
130 3 0 212 108 213
131 3 0 200 213 105
132 3 0 105 213 215
133 3 0 213 214 215
134 3 0 213 108 214
135 3 0 215 214 109
136 3 0 105 215 203
137 3 0 215 216 203
138 3 0 215 109 216
139 3 0 203 216 106
140 3 0 106 216 218
141 3 0 216 217 218
142 3 0 216 109 217
143 3 0 218 217 110
144 3 0 106 218 206
145 3 0 218 219 206
146 3 0 218 110 219
147 3 0 206 219 107
148 3 0 107 219 221
149 3 0 219 220 221
150 3 0 219 110 220
151 3 0 221 220 111
152 3 0 107 221 209
153 3 0 221 222 209
154 3 0 221 111 222
155 3 0 209 222 81
156 3 0 81 222 80
157 3 0 222 223 80
158 3 0 222 111 223
159 3 0 80 223 79
160 3 0 11 12 211
161 3 0 12 224 211
162 3 0 12 13 224
163 3 0 211 224 108
164 3 0 108 224 226
165 3 0 224 225 226
166 3 0 224 13 225
167 3 0 226 225 112
168 3 0 108 226 214
169 3 0 226 227 214
170 3 0 226 112 227
171 3 0 214 227 109
172 3 0 109 227 229
173 3 0 227 228 229
174 3 0 227 112 228
175 3 0 229 228 113
176 3 0 109 229 217
177 3 0 229 230 217
178 3 0 229 113 230
179 3 0 217 230 110
180 3 0 110 230 232
181 3 0 230 231 232
182 3 0 230 113 231
183 3 0 232 231 114
184 3 0 110 232 220
185 3 0 232 233 220
186 3 0 232 114 233
187 3 0 220 233 111
188 3 0 111 233 235
189 3 0 233 234 235
190 3 0 233 114 234
191 3 0 235 234 115
192 3 0 111 235 223
193 3 0 235 236 223
194 3 0 235 115 236
195 3 0 223 236 79
196 3 0 79 236 78
197 3 0 236 237 78
198 3 0 236 115 237
199 3 0 78 237 77
200 3 0 13 14 225
201 3 0 14 238 225
202 3 0 14 15 238
203 3 0 225 238 112
204 3 0 112 238 240
205 3 0 238 239 240
206 3 0 238 15 239
207 3 0 240 239 116
208 3 0 112 240 228
209 3 0 240 241 228
210 3 0 240 116 241
211 3 0 228 241 113
212 3 0 113 241 243
213 3 0 241 242 243
214 3 0 241 116 242
215 3 0 243 242 117
216 3 0 113 243 231
217 3 0 243 244 231
218 3 0 243 117 244
219 3 0 231 244 114
220 3 0 114 244 246
221 3 0 244 245 246
222 3 0 244 117 245
223 3 0 246 245 118
224 3 0 114 246 234
225 3 0 246 247 234
226 3 0 246 118 247
227 3 0 234 247 115
228 3 0 115 247 249
229 3 0 247 248 249
230 3 0 247 118 248
231 3 0 249 248 119
232 3 0 115 249 237
233 3 0 249 250 237
234 3 0 249 119 250
235 3 0 237 250 77
236 3 0 77 250 76
237 3 0 250 251 76
238 3 0 250 119 251
239 3 0 76 251 75
240 3 0 15 16 239
241 3 0 16 252 239
242 3 0 16 17 252
243 3 0 239 252 116
244 3 0 116 252 254
245 3 0 252 253 254
246 3 0 252 17 253
247 3 0 254 253 120
248 3 0 116 254 242
249 3 0 254 255 242
250 3 0 254 120 255
251 3 0 242 255 117
252 3 0 117 255 257
253 3 0 255 256 257
254 3 0 255 120 256
255 3 0 257 256 121
256 3 0 117 257 245
257 3 0 257 258 245
258 3 0 257 121 258
259 3 0 245 258 118
260 3 0 118 258 260
261 3 0 258 259 260
262 3 0 258 121 259
263 3 0 260 259 122
264 3 0 118 260 248
265 3 0 260 261 248
266 3 0 260 122 261
267 3 0 248 261 119
268 3 0 119 261 263
269 3 0 261 262 263
270 3 0 261 122 262
271 3 0 263 262 123
272 3 0 119 263 251
273 3 0 263 264 251
274 3 0 263 123 264
275 3 0 251 264 75
276 3 0 75 264 74
277 3 0 264 265 74
278 3 0 264 123 265
279 3 0 74 265 73
280 3 0 17 18 253
281 3 0 18 266 253
282 3 0 18 19 266
283 3 0 253 266 120
284 3 0 120 266 268
285 3 0 266 267 268
286 3 0 266 19 267
287 3 0 268 267 124
288 3 0 120 268 256
289 3 0 268 269 256
290 3 0 268 124 269
291 3 0 256 269 121
292 3 0 121 269 271
293 3 0 269 270 271
294 3 0 269 124 270
295 3 0 271 270 125
296 3 0 121 271 259
297 3 0 271 272 259
298 3 0 271 125 272
299 3 0 259 272 122
300 3 0 122 272 274
301 3 0 272 273 274
302 3 0 272 125 273
303 3 0 274 273 126
304 3 0 122 274 262
305 3 0 274 275 262
306 3 0 274 126 275
307 3 0 262 275 123
308 3 0 123 275 277
309 3 0 275 276 277
310 3 0 275 126 276
311 3 0 277 276 127
312 3 0 123 277 265
313 3 0 277 278 265
314 3 0 277 127 278
315 3 0 265 278 73
316 3 0 73 278 72
317 3 0 278 279 72
318 3 0 278 127 279
319 3 0 72 279 71
320 3 0 19 20 267
321 3 0 20 280 267
322 3 0 20 21 280
323 3 0 267 280 124
324 3 0 124 280 282
325 3 0 280 281 282
326 3 0 280 21 281
327 3 0 282 281 128
328 3 0 124 282 270
329 3 0 282 283 270
330 3 0 282 128 283
331 3 0 270 283 125
332 3 0 125 283 285
333 3 0 283 284 285
334 3 0 283 128 284
335 3 0 285 284 129
336 3 0 125 285 273
337 3 0 285 286 273
338 3 0 285 129 286
339 3 0 273 286 126
340 3 0 126 286 288
341 3 0 286 287 288
342 3 0 286 129 287
343 3 0 288 287 130
344 3 0 126 288 276
345 3 0 288 289 276
346 3 0 288 130 289
347 3 0 276 289 127
348 3 0 127 289 291
349 3 0 289 290 291
350 3 0 289 130 290
351 3 0 291 290 131
352 3 0 127 291 279
353 3 0 291 292 279
354 3 0 291 131 292
355 3 0 279 292 71
356 3 0 71 292 70
357 3 0 292 293 70
358 3 0 292 131 293
359 3 0 70 293 69
360 3 0 21 22 281
361 3 0 22 294 281
362 3 0 22 23 294
363 3 0 281 294 128
364 3 0 128 294 296
365 3 0 294 295 296
366 3 0 294 23 295
367 3 0 296 295 132
368 3 0 128 296 284
369 3 0 296 297 284
370 3 0 296 132 297
371 3 0 284 297 129
372 3 0 129 297 299
373 3 0 297 298 299
374 3 0 297 132 298
375 3 0 299 298 133
376 3 0 129 299 287
377 3 0 299 300 287
378 3 0 299 133 300
379 3 0 287 300 130
380 3 0 130 300 302
381 3 0 300 301 302
382 3 0 300 133 301
383 3 0 302 301 134
384 3 0 130 302 290
385 3 0 302 303 290
386 3 0 302 134 303
387 3 0 290 303 131
388 3 0 131 303 305
389 3 0 303 304 305
390 3 0 303 134 304
391 3 0 305 304 135
392 3 0 131 305 293
393 3 0 305 306 293
394 3 0 305 135 306
395 3 0 293 306 69
396 3 0 69 306 68
397 3 0 306 307 68
398 3 0 306 135 307
399 3 0 68 307 67
400 3 0 23 24 295
401 3 0 24 308 295
402 3 0 24 25 308
403 3 0 295 308 132
404 3 0 132 308 310
405 3 0 308 309 310
406 3 0 308 25 309
407 3 0 310 309 136
408 3 0 132 310 298
409 3 0 310 311 298
410 3 0 310 136 311
411 3 0 298 311 133
412 3 0 133 311 313
413 3 0 311 312 313
414 3 0 311 136 312
415 3 0 313 312 137
416 3 0 133 313 301
417 3 0 313 314 301
418 3 0 313 137 314
419 3 0 301 314 134
420 3 0 134 314 316
421 3 0 314 315 316
422 3 0 314 137 315
423 3 0 316 315 138
424 3 0 134 316 304
425 3 0 316 317 304
426 3 0 316 138 317
427 3 0 304 317 135
428 3 0 135 317 319
429 3 0 317 318 319
430 3 0 317 138 318
431 3 0 319 318 139
432 3 0 135 319 307
433 3 0 319 320 307
434 3 0 319 139 320
435 3 0 307 320 67
436 3 0 67 320 66
437 3 0 320 321 66
438 3 0 320 139 321
439 3 0 66 321 65
440 3 0 25 26 309
441 3 0 26 322 309
442 3 0 26 27 322
443 3 0 309 322 136
444 3 0 136 322 324
445 3 0 322 323 324
446 3 0 322 27 323
447 3 0 324 323 140
448 3 0 136 324 312
449 3 0 324 325 312
450 3 0 324 140 325
451 3 0 312 325 137
452 3 0 137 325 327
453 3 0 325 326 327
454 3 0 325 140 326
455 3 0 327 326 141
456 3 0 137 327 315
457 3 0 327 328 315
458 3 0 327 141 328
459 3 0 315 328 138
460 3 0 138 328 330
461 3 0 328 329 330
462 3 0 328 141 329
463 3 0 330 329 142
464 3 0 138 330 318
465 3 0 330 331 318
466 3 0 330 142 331
467 3 0 318 331 139
468 3 0 139 331 333
469 3 0 331 332 333
470 3 0 331 142 332
471 3 0 333 332 143
472 3 0 139 333 321
473 3 0 333 334 321
474 3 0 333 143 334
475 3 0 321 334 65
476 3 0 65 334 64
477 3 0 334 335 64
478 3 0 334 143 335
479 3 0 64 335 63
480 3 0 27 28 323
481 3 0 28 336 323
482 3 0 28 29 336
483 3 0 323 336 140
484 3 0 140 336 338
485 3 0 336 337 338
486 3 0 336 29 337
487 3 0 338 337 144
488 3 0 140 338 326
489 3 0 338 339 326
490 3 0 338 144 339
491 3 0 326 339 141
492 3 0 141 339 341
493 3 0 339 340 341
494 3 0 339 144 340
495 3 0 341 340 145
496 3 0 141 341 329
497 3 0 341 342 329
498 3 0 341 145 342
499 3 0 329 342 142
500 3 0 142 342 344
501 3 0 342 343 344
502 3 0 342 145 343
503 3 0 344 343 146
504 3 0 142 344 332
505 3 0 344 345 332
506 3 0 344 146 345
507 3 0 332 345 143
508 3 0 143 345 347
509 3 0 345 346 347
510 3 0 345 146 346
511 3 0 347 346 147
512 3 0 143 347 335
513 3 0 347 348 335
514 3 0 347 147 348
515 3 0 335 348 63
516 3 0 63 348 62
517 3 0 348 349 62
518 3 0 348 147 349
519 3 0 62 349 61
520 3 0 29 30 337
521 3 0 30 350 337
522 3 0 30 31 350
523 3 0 337 350 144
524 3 0 144 350 352
525 3 0 350 351 352
526 3 0 350 31 351
527 3 0 352 351 148
528 3 0 144 352 340
529 3 0 352 353 340
530 3 0 352 148 353
531 3 0 340 353 145
532 3 0 145 353 355
533 3 0 353 354 355
534 3 0 353 148 354
535 3 0 355 354 149
536 3 0 145 355 343
537 3 0 355 356 343
538 3 0 355 149 356
539 3 0 343 356 146
540 3 0 146 356 358
541 3 0 356 357 358
542 3 0 356 149 357
543 3 0 358 357 150
544 3 0 146 358 346
545 3 0 358 359 346
546 3 0 358 150 359
547 3 0 346 359 147
548 3 0 147 359 361
549 3 0 359 360 361
550 3 0 359 150 360
551 3 0 361 360 151
552 3 0 147 361 349
553 3 0 361 362 349
554 3 0 361 151 362
555 3 0 349 362 61
556 3 0 61 362 60
557 3 0 362 363 60
558 3 0 362 151 363
559 3 0 60 363 59
560 3 0 31 32 351
561 3 0 32 364 351
562 3 0 32 33 364
563 3 0 351 364 148
564 3 0 148 364 366
565 3 0 364 365 366
566 3 0 364 33 365
567 3 0 366 365 152
568 3 0 148 366 354
569 3 0 366 367 354
570 3 0 366 152 367
571 3 0 354 367 149
572 3 0 149 367 369
573 3 0 367 368 369
574 3 0 367 152 368
575 3 0 369 368 153
576 3 0 149 369 357
577 3 0 369 370 357
578 3 0 369 153 370
579 3 0 357 370 150
580 3 0 150 370 372
581 3 0 370 371 372
582 3 0 370 153 371
583 3 0 372 371 154
584 3 0 150 372 360
585 3 0 372 373 360
586 3 0 372 154 373
587 3 0 360 373 151
588 3 0 151 373 375
589 3 0 373 374 375
590 3 0 373 154 374
591 3 0 375 374 155
592 3 0 151 375 363
593 3 0 375 376 363
594 3 0 375 155 376
595 3 0 363 376 59
596 3 0 59 376 58
597 3 0 376 377 58
598 3 0 376 155 377
599 3 0 58 377 57
600 3 0 33 34 365
601 3 0 34 378 365
602 3 0 34 35 378
603 3 0 365 378 152
604 3 0 152 378 380
605 3 0 378 379 380
606 3 0 378 35 379
607 3 0 380 379 156
608 3 0 152 380 368
609 3 0 380 381 368
610 3 0 380 156 381
611 3 0 368 381 153
612 3 0 153 381 383
613 3 0 381 382 383
614 3 0 381 156 382
615 3 0 383 382 157
616 3 0 153 383 371
617 3 0 383 384 371
618 3 0 383 157 384
619 3 0 371 384 154
620 3 0 154 384 386
621 3 0 384 385 386
622 3 0 384 157 385
623 3 0 386 385 158
624 3 0 154 386 374
625 3 0 386 387 374
626 3 0 386 158 387
627 3 0 374 387 155
628 3 0 155 387 389
629 3 0 387 388 389
630 3 0 387 158 388
631 3 0 389 388 159
632 3 0 155 389 377
633 3 0 389 390 377
634 3 0 389 159 390
635 3 0 377 390 57
636 3 0 57 390 56
637 3 0 390 391 56
638 3 0 390 159 391
639 3 0 56 391 55
640 3 0 35 36 379
641 3 0 36 392 379
642 3 0 36 37 392
643 3 0 379 392 156
644 3 0 156 392 394
645 3 0 392 393 394
646 3 0 392 37 393
647 3 0 394 393 160
648 3 0 156 394 382
649 3 0 394 395 382
650 3 0 394 160 395
651 3 0 382 395 157
652 3 0 157 395 397
653 3 0 395 396 397
654 3 0 395 160 396
655 3 0 397 396 161
656 3 0 157 397 385
657 3 0 397 398 385
658 3 0 397 161 398
659 3 0 385 398 158
660 3 0 158 398 400
661 3 0 398 399 400
662 3 0 398 161 399
663 3 0 400 399 162
664 3 0 158 400 388
665 3 0 400 401 388
666 3 0 400 162 401
667 3 0 388 401 159
668 3 0 159 401 403
669 3 0 401 402 403
670 3 0 401 162 402
671 3 0 403 402 163
672 3 0 159 403 391
673 3 0 403 404 391
674 3 0 403 163 404
675 3 0 391 404 55
676 3 0 55 404 54
677 3 0 404 405 54
678 3 0 404 163 405
679 3 0 54 405 53
680 3 0 37 38 393
681 3 0 38 406 393
682 3 0 38 39 406
683 3 0 393 406 160
684 3 0 160 406 408
685 3 0 406 407 408
686 3 0 406 39 407
687 3 0 408 407 164
688 3 0 160 408 396
689 3 0 408 409 396
690 3 0 408 164 409
691 3 0 396 409 161
692 3 0 161 409 411
693 3 0 409 410 411
694 3 0 409 164 410
695 3 0 411 410 165
696 3 0 161 411 399
697 3 0 411 412 399
698 3 0 411 165 412
699 3 0 399 412 162
700 3 0 162 412 414
701 3 0 412 413 414
702 3 0 412 165 413
703 3 0 414 413 166
704 3 0 162 414 402
705 3 0 414 415 402
706 3 0 414 166 415
707 3 0 402 415 163
708 3 0 163 415 417
709 3 0 415 416 417
710 3 0 415 166 416
711 3 0 417 416 167
712 3 0 163 417 405
713 3 0 417 418 405
714 3 0 417 167 418
715 3 0 405 418 53
716 3 0 53 418 52
717 3 0 418 419 52
718 3 0 418 167 419
719 3 0 52 419 51
720 3 0 39 40 407
721 3 0 40 420 407
722 3 0 40 1 420
723 3 0 407 420 164
724 3 0 164 420 421
725 3 0 420 41 421
726 3 0 420 1 41
727 3 0 421 41 42
728 3 0 164 421 410
729 3 0 421 422 410
730 3 0 421 42 422
731 3 0 410 422 165
732 3 0 165 422 423
733 3 0 422 43 423
734 3 0 422 42 43
735 3 0 423 43 44
736 3 0 165 423 413
737 3 0 423 424 413
738 3 0 423 44 424
739 3 0 413 424 166
740 3 0 166 424 425
741 3 0 424 45 425
742 3 0 424 44 45
743 3 0 425 45 46
744 3 0 166 425 416
745 3 0 425 426 416
746 3 0 425 46 426
747 3 0 416 426 167
748 3 0 167 426 427
749 3 0 426 47 427
750 3 0 426 46 47
751 3 0 427 47 48
752 3 0 167 427 419
753 3 0 427 428 419
754 3 0 427 48 428
755 3 0 419 428 51
756 3 0 51 428 50
757 3 0 428 49 50
758 3 0 428 48 49
759 3 0 50 49 2
