 0.00  3.00  1.00 32.00  9.00 42.00
 1.00  3.00  1.00 31.00 43.00  7.00
 2.00  3.00  1.00 42.00  9.00 28.00
 3.00  3.00  1.00 43.00 27.00  7.00
 4.00  3.00  1.00 17.00 28.00 29.00
 5.00  3.00  1.00 22.00 30.00 27.00
 6.00  3.00  1.00 42.00 17.00 18.00
 7.00  3.00  1.00 21.00 22.00 43.00
 8.00  3.00  1.00 28.00 17.00 42.00
 9.00  3.00  1.00 43.00 22.00 27.00
10.00  3.00  1.00 22.00 23.00 30.00
11.00  3.00  1.00 16.00 17.00 29.00
12.00  3.00  1.00  6.00 27.00 30.00
13.00  3.00  1.00 10.00 29.00 28.00
14.00  3.00  1.00 24.00 36.00 33.00
15.00  3.00  1.00 15.00 34.00 35.00
16.00  3.00  1.00 11.00 34.00 29.00
17.00  3.00  1.00  5.00 30.00 33.00
18.00  3.00  1.00  8.00 32.00 31.00
19.00  3.00  1.00 24.00 25.00 36.00
20.00  3.00  1.00 14.00 15.00 35.00
21.00  3.00  1.00  6.00  7.00 27.00
22.00  3.00  1.00  9.00 10.00 28.00
23.00  3.00  1.00  2.00 14.00 35.00
24.00  3.00  1.00  3.00 36.00 25.00
25.00  3.00  1.00  2.00 35.00 13.00
26.00  3.00  1.00  3.00 26.00 36.00
27.00  3.00  1.00 10.00 11.00 29.00
28.00  3.00  1.00  5.00  6.00 30.00
29.00  3.00  1.00  7.00  8.00 31.00
30.00  3.00  1.00  8.00  9.00 32.00
31.00  3.00  1.00  4.00  5.00 33.00
32.00  3.00  1.00 11.00 12.00 34.00
33.00  3.00  1.00 12.00 41.00 34.00
34.00  3.00  1.00  4.00 33.00 40.00
35.00  3.00  1.00 34.00 41.00 35.00
36.00  3.00  1.00 33.00 36.00 40.00
37.00  3.00  1.00 29.00 34.00 39.00
38.00  3.00  1.00 30.00 38.00 33.00
39.00  3.00  1.00 31.00 32.00 37.00
40.00  3.00  1.00 20.00 43.00 31.00
41.00  3.00  1.00 19.00 32.00 42.00
42.00  3.00  1.00 16.00 29.00 39.00
43.00  3.00  1.00 23.00 38.00 30.00
44.00  3.00  1.00 20.00 31.00 37.00
45.00  3.00  1.00 19.00 37.00 32.00
46.00  3.00  1.00 15.00 39.00 34.00
47.00  3.00  1.00 24.00 33.00 38.00
48.00  3.00  1.00 20.00 21.00 43.00
49.00  3.00  1.00 18.00 19.00 42.00
50.00  3.00  1.00  0.00 40.00 26.00
51.00  3.00  1.00  1.00 13.00 41.00
52.00  3.00  1.00 15.00 16.00 39.00
53.00  3.00  1.00 23.00 24.00 38.00
54.00  3.00  1.00 19.00 20.00 37.00
55.00  3.00  1.00  0.00  4.00 40.00
56.00  3.00  1.00  1.00 41.00 12.00
57.00  3.00  1.00 13.00 35.00 41.00
58.00  3.00  1.00 26.00 40.00 36.00
