 0.00  0.00  1.50 -1.00  0.00
 1.00  1.50  0.00  0.00 -1.00
 2.00  2.00  0.00  0.00 -1.00
 3.00  0.00  2.00 -1.00  0.00
 4.00  0.23  1.48  0.00  0.00
 5.00  0.46  1.43  0.00  0.00
 6.00  0.68  1.34  0.00  0.00
 7.00  0.88  1.21  0.00  0.00
 8.00  1.06  1.06  0.00  0.00
 9.00  1.21  0.88  0.00  0.00
10.00  1.34  0.68  0.00  0.00
11.00  1.43  0.46  0.00  0.00
12.00  1.48  0.23  0.00  0.00
13.00  1.75  0.00  0.00 -1.00
14.00  1.99  0.24  0.00  0.00
15.00  1.94  0.48  0.00  0.00
16.00  1.87  0.71  0.00  0.00
17.00  1.77  0.93  0.00  0.00
18.00  1.65  1.14  0.00  0.00
19.00  1.50  1.33  0.00  0.00
20.00  1.33  1.50  0.00  0.00
21.00  1.14  1.65  0.00  0.00
22.00  0.93  1.77  0.00  0.00
23.00  0.71  1.87  0.00  0.00
24.00  0.48  1.94  0.00  0.00
25.00  0.24  1.99  0.00  0.00
26.00  0.00  1.75 -1.00  0.00
27.00  0.85  1.48  0.00  0.00
28.00  1.48  0.85  0.00  0.00
29.00  1.60  0.66  0.00  0.00
30.00  0.66  1.60  0.00  0.00
31.00  1.15  1.29  0.00  0.00
32.00  1.30  1.15  0.00  0.00
33.00  0.39  1.66  0.00  0.00
34.00  1.66  0.39  0.00  0.00
35.00  1.77  0.21  0.00  0.00
36.00  0.21  1.77  0.00  0.00
37.00  1.32  1.32  0.00  0.00
38.00  0.57  1.76  0.00  0.00
39.00  1.76  0.57  0.00  0.00
40.00  0.14  1.62  0.00  0.00
41.00  1.62  0.14  0.00  0.00
42.00  1.48  1.05  0.00  0.00
43.00  1.05  1.48  0.00  0.00
