0 0.000000 1.000000
1 1.000000 0.000000
4 0.010334 0.999947
5 0.020667 0.999786
6 0.030998 0.999519
7 0.041325 0.999146
8 0.051648 0.998665
9 0.061965 0.998078
10 0.072276 0.997385
11 0.082579 0.996584
12 0.092874 0.995678
13 0.103158 0.994665
14 0.113431 0.993546
15 0.123693 0.992321
16 0.133941 0.990989
17 0.144174 0.989552
18 0.154393 0.988010
19 0.164595 0.986361
20 0.174779 0.984608
21 0.184944 0.982749
22 0.195090 0.980785
23 0.205215 0.978717
24 0.215318 0.976544
25 0.225399 0.974267
26 0.235455 0.971885
27 0.245485 0.969400
28 0.255490 0.966812
29 0.265468 0.964120
30 0.275417 0.961325
31 0.285336 0.958427
32 0.295225 0.955428
33 0.305083 0.952326
34 0.314908 0.949122
35 0.324699 0.945817
36 0.334456 0.942411
37 0.344177 0.938905
38 0.353861 0.935298
39 0.363508 0.931591
40 0.373116 0.927785
41 0.382683 0.923880
42 0.392210 0.919876
43 0.401695 0.915773
44 0.411138 0.911573
45 0.420536 0.907276
46 0.429889 0.902882
47 0.439197 0.898391
48 0.448457 0.893804
49 0.457670 0.889122
50 0.466833 0.884345
51 0.475947 0.879474
52 0.485010 0.874508
53 0.494022 0.869450
54 0.502980 0.864298
55 0.511885 0.859054
56 0.520735 0.853718
57 0.529530 0.848291
58 0.538268 0.842774
59 0.546948 0.837166
60 0.555570 0.831470
61 0.564133 0.825684
62 0.572635 0.819810
63 0.581077 0.813849
64 0.589456 0.807800
65 0.597772 0.801666
66 0.606025 0.795446
67 0.614213 0.789141
68 0.622335 0.782751
69 0.630391 0.776278
70 0.638379 0.769722
71 0.646299 0.763084
72 0.654150 0.756364
73 0.661932 0.749564
74 0.669642 0.742684
75 0.677282 0.735724
76 0.684848 0.728686
77 0.692342 0.721569
78 0.699762 0.714376
79 0.707107 0.707107
80 0.714376 0.699762
81 0.721569 0.692342
82 0.728686 0.684848
83 0.735724 0.677282
84 0.742684 0.669642
85 0.749564 0.661932
86 0.756364 0.654150
87 0.763084 0.646299
88 0.769722 0.638379
89 0.776278 0.630391
90 0.782751 0.622335
91 0.789141 0.614213
92 0.795446 0.606025
93 0.801666 0.597772
94 0.807800 0.589456
95 0.813849 0.581077
96 0.819810 0.572635
97 0.825684 0.564133
98 0.831470 0.555570
99 0.837166 0.546948
100 0.842774 0.538268
101 0.848291 0.529530
102 0.853718 0.520735
103 0.859054 0.511885
104 0.864298 0.502980
105 0.869450 0.494022
106 0.874508 0.485010
107 0.879474 0.475947
108 0.884345 0.466833
109 0.889122 0.457670
110 0.893804 0.448457
111 0.898391 0.439197
112 0.902882 0.429889
113 0.907276 0.420536
114 0.911573 0.411138
115 0.915773 0.401695
116 0.919876 0.392210
117 0.923880 0.382683
118 0.927785 0.373116
119 0.931591 0.363508
120 0.935298 0.353861
121 0.938905 0.344177
122 0.942411 0.334456
123 0.945817 0.324699
124 0.949122 0.314908
125 0.952326 0.305083
126 0.955428 0.295225
127 0.958427 0.285336
128 0.961325 0.275417
129 0.964120 0.265468
130 0.966812 0.255490
131 0.969400 0.245485
132 0.971885 0.235455
133 0.974267 0.225399
134 0.976544 0.215318
135 0.978717 0.205215
136 0.980785 0.195090
137 0.982749 0.184944
138 0.984608 0.174779
139 0.986361 0.164595
140 0.988010 0.154393
141 0.989552 0.144174
142 0.990989 0.133941
143 0.992321 0.123693
144 0.993546 0.113431
145 0.994665 0.103158
146 0.995678 0.092874
147 0.996584 0.082579
148 0.997385 0.072276
149 0.998078 0.061965
150 0.998665 0.051648
151 0.999146 0.041325
152 0.999519 0.030998
153 0.999786 0.020667
154 0.999947 0.010334
