0 0.0000 1.5000 -1 0
1 1.5000 0.0000 0 -1
2 2.0000 0.0000 0 -1
3 0.0000 2.0000 -1 0
4 0.0620 1.4987 0 0
5 0.1239 1.4949 0 0
6 0.1855 1.4885 0 0
7 0.2469 1.4795 0 0
8 0.3078 1.4681 0 0
9 0.3682 1.4541 0 0
10 0.4280 1.4376 0 0
11 0.4870 1.4187 0 0
12 0.5453 1.3974 0 0
13 0.6025 1.3737 0 0
14 0.6588 1.3476 0 0
15 0.7139 1.3192 0 0
16 0.7678 1.2886 0 0
17 0.8204 1.2557 0 0
18 0.8716 1.2208 0 0
19 0.9213 1.1837 0 0
20 0.9694 1.1446 0 0
21 1.0159 1.1036 0 0
22 1.0607 1.0607 0 0
23 1.1036 1.0159 0 0
24 1.1446 0.9694 0 0
25 1.1837 0.9213 0 0
26 1.2208 0.8716 0 0
27 1.2557 0.8204 0 0
28 1.2886 0.7678 0 0
29 1.3192 0.7139 0 0
30 1.3476 0.6588 0 0
31 1.3737 0.6025 0 0
32 1.3974 0.5453 0 0
33 1.4187 0.4870 0 0
34 1.4376 0.4280 0 0
35 1.4541 0.3682 0 0
36 1.4681 0.3078 0 0
37 1.4795 0.2469 0 0
38 1.4885 0.1855 0 0
39 1.4949 0.1239 0 0
40 1.4987 0.0620 0 0
41 1.5500 0.0000 0 -1
42 1.6000 0.0000 0 -1
43 1.6500 0.0000 0 -1
44 1.7000 0.0000 0 -1
45 1.7500 0.0000 0 -1
46 1.8000 0.0000 0 -1
47 1.8500 0.0000 0 -1
48 1.9000 0.0000 0 -1
49 1.9500 0.0000 0 -1
50 1.9983 0.0826 0 0
51 1.9932 0.1652 0 0
52 1.9846 0.2474 0 0
53 1.9727 0.3292 0 0
54 1.9574 0.4104 0 0
55 1.9388 0.4910 0 0
56 1.9169 0.5707 0 0
57 1.8916 0.6494 0 0
58 1.8632 0.7270 0 0
59 1.8315 0.8034 0 0
60 1.7968 0.8784 0 0
61 1.7589 0.9519 0 0
62 1.7181 1.0238 0 0
63 1.6743 1.0939 0 0
64 1.6277 1.1622 0 0
65 1.5783 1.2284 0 0
66 1.5262 1.2926 0 0
67 1.4714 1.3546 0 0
68 1.4142 1.4142 0 0
69 1.3546 1.4714 0 0
70 1.2926 1.5262 0 0
71 1.2284 1.5783 0 0
72 1.1622 1.6277 0 0
73 1.0939 1.6743 0 0
74 1.0238 1.7181 0 0
75 0.9519 1.7589 0 0
76 0.8784 1.7968 0 0
77 0.8034 1.8315 0 0
78 0.7270 1.8632 0 0
79 0.6494 1.8916 0 0
80 0.5707 1.9169 0 0
81 0.4910 1.9388 0 0
82 0.4104 1.9574 0 0
83 0.3292 1.9727 0 0
84 0.2474 1.9846 0 0
85 0.1652 1.9932 0 0
86 0.0826 1.9983 0 0
87 0.0000 1.9500 -1 0
88 0.0000 1.9000 -1 0
89 0.0000 1.8500 -1 0
90 0.0000 1.8000 -1 0
91 0.0000 1.7500 -1 0
92 0.0000 1.7000 -1 0
93 0.0000 1.6500 -1 0
94 0.0000 1.6000 -1 0
95 0.0000 1.5500 -1 0
96 0.1321 1.5945 0 0
97 0.1404 1.6942 0 0
98 0.1486 1.7939 0 0
99 0.1569 1.8935 0 0
100 0.2634 1.5782 0 0
101 0.2798 1.6768 0 0
102 0.2963 1.7755 0 0
103 0.3127 1.8741 0 0
104 0.3928 1.5510 0 0
105 0.4173 1.6480 0 0
106 0.4419 1.7449 0 0
107 0.4664 1.8419 0 0
108 0.5195 1.5133 0 0
109 0.5520 1.6079 0 0
110 0.5845 1.7025 0 0
111 0.6169 1.7971 0 0
112 0.6427 1.4652 0 0
113 0.6829 1.5568 0 0
114 0.7231 1.6484 0 0
115 0.7632 1.7400 0 0
116 0.7615 1.4072 0 0
117 0.8091 1.4951 0 0
118 0.8567 1.5831 0 0
119 0.9043 1.6710 0 0
120 0.8751 1.3395 0 0
121 0.9298 1.4232 0 0
122 0.9845 1.5069 0 0
123 1.0392 1.5906 0 0
124 0.9827 1.2626 0 0
125 1.0442 1.3415 0 0
126 1.1056 1.4205 0 0
127 1.1670 1.4994 0 0
128 1.0837 1.1772 0 0
129 1.1514 1.2507 0 0
130 1.2191 1.3243 0 0
131 1.2868 1.3979 0 0
132 1.1772 1.0837 0 0
133 1.2507 1.1514 0 0
134 1.3243 1.2191 0 0
135 1.3979 1.2868 0 0
136 1.2626 0.9827 0 0
137 1.3415 1.0442 0 0
138 1.4205 1.1056 0 0
139 1.4994 1.1670 0 0
140 1.3395 0.8751 0 0
141 1.4232 0.9298 0 0
142 1.5069 0.9845 0 0
143 1.5906 1.0392 0 0
144 1.4072 0.7615 0 0
145 1.4951 0.8091 0 0
146 1.5831 0.8567 0 0
147 1.6710 0.9043 0 0
148 1.4652 0.6427 0 0
149 1.5568 0.6829 0 0
150 1.6484 0.7231 0 0
151 1.7400 0.7632 0 0
152 1.5133 0.5195 0 0
153 1.6079 0.5520 0 0
154 1.7025 0.5845 0 0
155 1.7971 0.6169 0 0
156 1.5510 0.3928 0 0
157 1.6480 0.4173 0 0
158 1.7449 0.4419 0 0
159 1.8419 0.4664 0 0
160 1.5782 0.2634 0 0
161 1.6768 0.2798 0 0
162 1.7755 0.2963 0 0
163 1.8741 0.3127 0 0
164 1.5945 0.1321 0 0
165 1.6942 0.1404 0 0
166 1.7939 0.1486 0 0
167 1.8935 0.1569 0 0
168 0.0619 1.5474 0 0
169 0.1280 1.5447 0 0
170 0.0661 1.5973 0 0
171 0.0661 1.6473 0 0
172 0.1363 1.6444 0 0
173 0.0702 1.6971 0 0
174 0.0702 1.7471 0 0
175 0.1445 1.7440 0 0
176 0.0743 1.7969 0 0
177 0.0743 1.8469 0 0
178 0.1528 1.8437 0 0
179 0.0785 1.8968 0 0
180 0.0785 1.9468 0 0
181 0.1610 1.9433 0 0
182 0.1895 1.5370 0 0
183 0.2551 1.5289 0 0
184 0.1977 1.5864 0 0
185 0.2019 1.6362 0 0
186 0.2716 1.6275 0 0
187 0.2101 1.6855 0 0
188 0.2142 1.7353 0 0
189 0.2880 1.7261 0 0
190 0.2225 1.7847 0 0
191 0.2266 1.8345 0 0
192 0.3045 1.8248 0 0
193 0.2348 1.8838 0 0
194 0.2389 1.9336 0 0
195 0.3210 1.9234 0 0
196 0.3158 1.5161 0 0
197 0.3805 1.5026 0 0
198 0.3281 1.5646 0 0
199 0.3363 1.6139 0 0
200 0.4051 1.5995 0 0
201 0.3486 1.6624 0 0
202 0.3568 1.7117 0 0
203 0.4296 1.6965 0 0
204 0.3691 1.7602 0 0
205 0.3773 1.8095 0 0
206 0.4541 1.7934 0 0
207 0.3896 1.8580 0 0
208 0.3978 1.9073 0 0
209 0.4787 1.8903 0 0
210 0.4399 1.4849 0 0
211 0.5033 1.4660 0 0
212 0.4561 1.5322 0 0
213 0.4684 1.5806 0 0
214 0.5358 1.5606 0 0
215 0.4847 1.6279 0 0
216 0.4969 1.6764 0 0
217 0.5682 1.6552 0 0
218 0.5132 1.7237 0 0
219 0.5254 1.7722 0 0
220 0.6007 1.7498 0 0
221 0.5417 1.8195 0 0
222 0.5539 1.8679 0 0
223 0.6332 1.8443 0 0
224 0.5610 1.4435 0 0
225 0.6226 1.4194 0 0
226 0.5811 1.4893 0 0
227 0.5974 1.5366 0 0
228 0.6628 1.5110 0 0
229 0.6174 1.5824 0 0
230 0.6337 1.6296 0 0
231 0.7030 1.6026 0 0
232 0.6538 1.6754 0 0
233 0.6700 1.7227 0 0
234 0.7431 1.6942 0 0
235 0.6901 1.7685 0 0
236 0.7063 1.8158 0 0
237 0.7833 1.7858 0 0
238 0.6783 1.3922 0 0
239 0.7377 1.3632 0 0
240 0.7021 1.4362 0 0
241 0.7222 1.4820 0 0
242 0.7853 1.4511 0 0
243 0.7460 1.5260 0 0
244 0.7661 1.5717 0 0
245 0.8329 1.5391 0 0
246 0.7899 1.6157 0 0
247 0.8100 1.6615 0 0
248 0.8805 1.6270 0 0
249 0.8338 1.7055 0 0
250 0.8538 1.7513 0 0
251 0.9281 1.7150 0 0
252 0.7910 1.3315 0 0
253 0.8478 1.2976 0 0
254 0.8183 1.3733 0 0
255 0.8421 1.4173 0 0
256 0.9025 1.3813 0 0
257 0.8695 1.4591 0 0
258 0.8933 1.5031 0 0
259 0.9572 1.4650 0 0
260 0.9206 1.5450 0 0
261 0.9444 1.5889 0 0
262 1.0119 1.5488 0 0
263 0.9718 1.6308 0 0
264 0.9955 1.6748 0 0
265 1.0665 1.6325 0 0
266 0.8982 1.2616 0 0
267 0.9520 1.2232 0 0
268 0.9289 1.3010 0 0
269 0.9563 1.3429 0 0
270 1.0135 1.3021 0 0
271 0.9870 1.3824 0 0
272 1.0143 1.4242 0 0
273 1.0749 1.3810 0 0
274 1.0450 1.4637 0 0
275 1.0724 1.5055 0 0
276 1.1363 1.4599 0 0
277 1.1031 1.5450 0 0
278 1.1305 1.5868 0 0
279 1.1977 1.5388 0 0
280 0.9993 1.1831 0 0
281 1.0498 1.1404 0 0
282 1.0332 1.2199 0 0
283 1.0639 1.2593 0 0
284 1.1175 1.2139 0 0
285 1.0978 1.2961 0 0
286 1.1285 1.3356 0 0
287 1.1852 1.2875 0 0
288 1.1623 1.3724 0 0
289 1.1931 1.4118 0 0
290 1.2530 1.3611 0 0
291 1.2269 1.4486 0 0
292 1.2576 1.4881 0 0
293 1.3207 1.4347 0 0
294 1.0936 1.0965 0 0
295 1.1404 1.0498 0 0
296 1.1304 1.1304 0 0
297 1.1643 1.1672 0 0
298 1.2139 1.1175 0 0
299 1.2011 1.2011 0 0
300 1.2349 1.2378 0 0
301 1.2875 1.1852 0 0
302 1.2717 1.2717 0 0
303 1.3056 1.3085 0 0
304 1.3611 1.2530 0 0
305 1.3424 1.3424 0 0
306 1.3762 1.3791 0 0
307 1.4347 1.3207 0 0
308 1.1804 1.0025 0 0
309 1.2232 0.9520 0 0
310 1.2199 1.0332 0 0
311 1.2567 1.0671 0 0
312 1.3021 1.0135 0 0
313 1.2961 1.0978 0 0
314 1.3329 1.1316 0 0
315 1.3810 1.0749 0 0
316 1.3724 1.1623 0 0
317 1.4092 1.1962 0 0
318 1.4599 1.1363 0 0
319 1.4486 1.2269 0 0
320 1.4854 1.2608 0 0
321 1.5388 1.1977 0 0
322 1.2592 0.9016 0 0
323 1.2976 0.8478 0 0
324 1.3010 0.9289 0 0
325 1.3405 0.9596 0 0
326 1.3813 0.9025 0 0
327 1.3824 0.9870 0 0
328 1.4218 1.0177 0 0
329 1.4650 0.9572 0 0
330 1.4637 1.0450 0 0
331 1.5031 1.0758 0 0
332 1.5488 1.0119 0 0
333 1.5450 1.1031 0 0
334 1.5844 1.1338 0 0
335 1.6325 1.0665 0 0
336 1.3293 0.7945 0 0
337 1.3632 0.7377 0 0
338 1.3733 0.8183 0 0
339 1.4152 0.8457 0 0
340 1.4511 0.7853 0 0
341 1.4591 0.8695 0 0
342 1.5010 0.8968 0 0
343 1.5391 0.8329 0 0
344 1.5450 0.9206 0 0
345 1.5868 0.9480 0 0
346 1.6270 0.8805 0 0
347 1.6308 0.9718 0 0
348 1.6727 0.9991 0 0
349 1.7150 0.9281 0 0
350 1.3904 0.6820 0 0
351 1.4194 0.6226 0 0
352 1.4362 0.7021 0 0
353 1.4802 0.7259 0 0
354 1.5110 0.6628 0 0
355 1.5260 0.7460 0 0
356 1.5699 0.7698 0 0
357 1.6026 0.7030 0 0
358 1.6157 0.7899 0 0
359 1.6597 0.8137 0 0
360 1.6942 0.7431 0 0
361 1.7055 0.8338 0 0
362 1.7495 0.8576 0 0
363 1.7858 0.7833 0 0
364 1.4420 0.5649 0 0
365 1.4660 0.5033 0 0
366 1.4893 0.5811 0 0
367 1.5351 0.6012 0 0
368 1.5606 0.5358 0 0
369 1.5824 0.6174 0 0
370 1.6281 0.6375 0 0
371 1.6552 0.5682 0 0
372 1.6754 0.6538 0 0
373 1.7212 0.6738 0 0
374 1.7498 0.6007 0 0
375 1.7685 0.6901 0 0
376 1.8143 0.7102 0 0
377 1.8443 0.6332 0 0
378 1.4837 0.4439 0 0
379 1.5026 0.3805 0 0
380 1.5322 0.4561 0 0
381 1.5795 0.4724 0 0
382 1.5995 0.4051 0 0
383 1.6279 0.4847 0 0
384 1.6752 0.5009 0 0
385 1.6965 0.4296 0 0
386 1.7237 0.5132 0 0
387 1.7710 0.5294 0 0
388 1.7934 0.4541 0 0
389 1.8195 0.5417 0 0
390 1.8667 0.5579 0 0
391 1.8903 0.4787 0 0
392 1.5153 0.3198 0 0
393 1.5289 0.2551 0 0
394 1.5646 0.3281 0 0
395 1.6131 0.3403 0 0
396 1.6275 0.2716 0 0
397 1.6624 0.3486 0 0
398 1.7109 0.3608 0 0
399 1.7261 0.2880 0 0
400 1.7602 0.3691 0 0
401 1.8087 0.3813 0 0
402 1.8248 0.3045 0 0
403 1.8580 0.3896 0 0
404 1.9064 0.4019 0 0
405 1.9234 0.3210 0 0
406 1.5365 0.1936 0 0
407 1.5447 0.1280 0 0
408 1.5864 0.1977 0 0
409 1.6357 0.2060 0 0
410 1.6444 0.1363 0 0
411 1.6855 0.2101 0 0
412 1.7348 0.2183 0 0
413 1.7440 0.1445 0 0
414 1.7847 0.2225 0 0
415 1.8340 0.2307 0 0
416 1.8437 0.1528 0 0
417 1.8838 0.2348 0 0
418 1.9331 0.2430 0 0
419 1.9433 0.1610 0 0
420 1.5473 0.0661 0 0
421 1.5973 0.0661 0 0
422 1.6471 0.0702 0 0
423 1.6971 0.0702 0 0
424 1.7469 0.0743 0 0
425 1.7969 0.0743 0 0
426 1.8468 0.0785 0 0
427 1.8968 0.0785 0 0
428 1.9466 0.0826 0 0
