0 1 1 1 62 293 61
1 1 1 62 63 291 293
2 1 1 293 291 120 292
3 1 1 61 293 292 60
4 1 1 60 292 296 59
5 1 1 292 120 294 296
6 1 1 296 294 121 295
7 1 1 59 296 295 58
8 1 1 58 295 299 57
9 1 1 295 121 297 299
10 1 1 299 297 122 298
11 1 1 57 299 298 56
12 1 1 56 298 302 55
13 1 1 298 122 300 302
14 1 1 302 300 123 301
15 1 1 55 302 301 54
16 1 1 54 301 305 53
17 1 1 301 123 303 305
18 1 1 305 303 124 304
19 1 1 53 305 304 52
20 1 1 52 304 308 51
21 1 1 304 124 306 308
22 1 1 308 306 125 307
23 1 1 51 308 307 50
24 1 1 50 307 311 49
25 1 1 307 125 309 311
26 1 1 311 309 126 310
27 1 1 49 311 310 48
28 1 1 48 310 314 47
29 1 1 310 126 312 314
30 1 1 314 312 127 313
31 1 1 47 314 313 46
32 1 1 46 313 317 45
33 1 1 313 127 315 317
34 1 1 317 315 128 316
35 1 1 45 317 316 44
36 1 1 44 316 319 43
37 1 1 316 128 318 319
38 1 1 319 318 41 42
39 1 1 43 319 42 2
40 1 1 63 64 322 291
41 1 1 64 65 320 322
42 1 1 322 320 129 321
43 1 1 291 322 321 120
44 1 1 120 321 325 294
45 1 1 321 129 323 325
46 1 1 325 323 130 324
47 1 1 294 325 324 121
48 1 1 121 324 328 297
49 1 1 324 130 326 328
50 1 1 328 326 131 327
51 1 1 297 328 327 122
52 1 1 122 327 331 300
53 1 1 327 131 329 331
54 1 1 331 329 132 330
55 1 1 300 331 330 123
56 1 1 123 330 334 303
57 1 1 330 132 332 334
58 1 1 334 332 133 333
59 1 1 303 334 333 124
60 1 1 124 333 337 306
61 1 1 333 133 335 337
62 1 1 337 335 134 336
63 1 1 306 337 336 125
64 1 1 125 336 340 309
65 1 1 336 134 338 340
66 1 1 340 338 135 339
67 1 1 309 340 339 126
68 1 1 126 339 343 312
69 1 1 339 135 341 343
70 1 1 343 341 136 342
71 1 1 312 343 342 127
72 1 1 127 342 346 315
73 1 1 342 136 344 346
74 1 1 346 344 137 345
75 1 1 315 346 345 128
76 1 1 128 345 348 318
77 1 1 345 137 347 348
78 1 1 348 347 39 40
79 1 1 318 348 40 41
80 1 1 65 66 351 320
81 1 1 66 67 349 351
82 1 1 351 349 138 350
83 1 1 320 351 350 129
84 1 1 129 350 354 323
85 1 1 350 138 352 354
86 1 1 354 352 139 353
87 1 1 323 354 353 130
88 1 1 130 353 357 326
89 1 1 353 139 355 357
90 1 1 357 355 140 356
91 1 1 326 357 356 131
92 1 1 131 356 360 329
93 1 1 356 140 358 360
94 1 1 360 358 141 359
95 1 1 329 360 359 132
96 1 1 132 359 363 332
97 1 1 359 141 361 363
98 1 1 363 361 142 362
99 1 1 332 363 362 133
100 1 1 133 362 366 335
101 1 1 362 142 364 366
102 1 1 366 364 143 365
103 1 1 335 366 365 134
104 1 1 134 365 369 338
105 1 1 365 143 367 369
106 1 1 369 367 144 368
107 1 1 338 369 368 135
108 1 1 135 368 372 341
109 1 1 368 144 370 372
110 1 1 372 370 145 371
111 1 1 341 372 371 136
112 1 1 136 371 375 344
113 1 1 371 145 373 375
114 1 1 375 373 146 374
115 1 1 344 375 374 137
116 1 1 137 374 377 347
117 1 1 374 146 376 377
118 1 1 377 376 37 38
119 1 1 347 377 38 39
120 1 1 67 68 380 349
121 1 1 68 69 378 380
122 1 1 380 378 147 379
123 1 1 349 380 379 138
124 1 1 138 379 383 352
125 1 1 379 147 381 383
126 1 1 383 381 148 382
127 1 1 352 383 382 139
128 1 1 139 382 386 355
129 1 1 382 148 384 386
130 1 1 386 384 149 385
131 1 1 355 386 385 140
132 1 1 140 385 389 358
133 1 1 385 149 387 389
134 1 1 389 387 150 388
135 1 1 358 389 388 141
136 1 1 141 388 392 361
137 1 1 388 150 390 392
138 1 1 392 390 151 391
139 1 1 361 392 391 142
140 1 1 142 391 395 364
141 1 1 391 151 393 395
142 1 1 395 393 152 394
143 1 1 364 395 394 143
144 1 1 143 394 398 367
145 1 1 394 152 396 398
146 1 1 398 396 153 397
147 1 1 367 398 397 144
148 1 1 144 397 401 370
149 1 1 397 153 399 401
150 1 1 401 399 154 400
151 1 1 370 401 400 145
152 1 1 145 400 404 373
153 1 1 400 154 402 404
154 1 1 404 402 155 403
155 1 1 373 404 403 146
156 1 1 146 403 406 376
157 1 1 403 155 405 406
158 1 1 406 405 35 36
159 1 1 376 406 36 37
160 1 1 69 70 409 378
161 1 1 70 71 407 409
162 1 1 409 407 156 408
163 1 1 378 409 408 147
164 1 1 147 408 412 381
165 1 1 408 156 410 412
166 1 1 412 410 157 411
167 1 1 381 412 411 148
168 1 1 148 411 415 384
169 1 1 411 157 413 415
170 1 1 415 413 158 414
171 1 1 384 415 414 149
172 1 1 149 414 418 387
173 1 1 414 158 416 418
174 1 1 418 416 159 417
175 1 1 387 418 417 150
176 1 1 150 417 421 390
177 1 1 417 159 419 421
178 1 1 421 419 160 420
179 1 1 390 421 420 151
180 1 1 151 420 424 393
181 1 1 420 160 422 424
182 1 1 424 422 161 423
183 1 1 393 424 423 152
184 1 1 152 423 427 396
185 1 1 423 161 425 427
186 1 1 427 425 162 426
187 1 1 396 427 426 153
188 1 1 153 426 430 399
189 1 1 426 162 428 430
190 1 1 430 428 163 429
191 1 1 399 430 429 154
192 1 1 154 429 433 402
193 1 1 429 163 431 433
194 1 1 433 431 164 432
195 1 1 402 433 432 155
196 1 1 155 432 435 405
197 1 1 432 164 434 435
198 1 1 435 434 33 34
199 1 1 405 435 34 35
200 1 1 71 72 438 407
201 1 1 72 73 436 438
202 1 1 438 436 165 437
203 1 1 407 438 437 156
204 1 1 156 437 441 410
205 1 1 437 165 439 441
206 1 1 441 439 166 440
207 1 1 410 441 440 157
208 1 1 157 440 444 413
209 1 1 440 166 442 444
210 1 1 444 442 167 443
211 1 1 413 444 443 158
212 1 1 158 443 447 416
213 1 1 443 167 445 447
214 1 1 447 445 168 446
215 1 1 416 447 446 159
216 1 1 159 446 450 419
217 1 1 446 168 448 450
218 1 1 450 448 169 449
219 1 1 419 450 449 160
220 1 1 160 449 453 422
221 1 1 449 169 451 453
222 1 1 453 451 170 452
223 1 1 422 453 452 161
224 1 1 161 452 456 425
225 1 1 452 170 454 456
226 1 1 456 454 171 455
227 1 1 425 456 455 162
228 1 1 162 455 459 428
229 1 1 455 171 457 459
230 1 1 459 457 172 458
231 1 1 428 459 458 163
232 1 1 163 458 462 431
233 1 1 458 172 460 462
234 1 1 462 460 173 461
235 1 1 431 462 461 164
236 1 1 164 461 464 434
237 1 1 461 173 463 464
238 1 1 464 463 31 32
239 1 1 434 464 32 33
240 1 1 73 74 467 436
241 1 1 74 75 465 467
242 1 1 467 465 174 466
243 1 1 436 467 466 165
244 1 1 165 466 470 439
245 1 1 466 174 468 470
246 1 1 470 468 175 469
247 1 1 439 470 469 166
248 1 1 166 469 473 442
249 1 1 469 175 471 473
250 1 1 473 471 176 472
251 1 1 442 473 472 167
252 1 1 167 472 476 445
253 1 1 472 176 474 476
254 1 1 476 474 177 475
255 1 1 445 476 475 168
256 1 1 168 475 479 448
257 1 1 475 177 477 479
258 1 1 479 477 178 478
259 1 1 448 479 478 169
260 1 1 169 478 482 451
261 1 1 478 178 480 482
262 1 1 482 480 179 481
263 1 1 451 482 481 170
264 1 1 170 481 485 454
265 1 1 481 179 483 485
266 1 1 485 483 180 484
267 1 1 454 485 484 171
268 1 1 171 484 488 457
269 1 1 484 180 486 488
270 1 1 488 486 181 487
271 1 1 457 488 487 172
272 1 1 172 487 491 460
273 1 1 487 181 489 491
274 1 1 491 489 182 490
275 1 1 460 491 490 173
276 1 1 173 490 493 463
277 1 1 490 182 492 493
278 1 1 493 492 29 30
279 1 1 463 493 30 31
280 1 1 75 76 496 465
281 1 1 76 77 494 496
282 1 1 496 494 183 495
283 1 1 465 496 495 174
284 1 1 174 495 499 468
285 1 1 495 183 497 499
286 1 1 499 497 184 498
287 1 1 468 499 498 175
288 1 1 175 498 502 471
289 1 1 498 184 500 502
290 1 1 502 500 185 501
291 1 1 471 502 501 176
292 1 1 176 501 505 474
293 1 1 501 185 503 505
294 1 1 505 503 186 504
295 1 1 474 505 504 177
296 1 1 177 504 508 477
297 1 1 504 186 506 508
298 1 1 508 506 187 507
299 1 1 477 508 507 178
300 1 1 178 507 511 480
301 1 1 507 187 509 511
302 1 1 511 509 188 510
303 1 1 480 511 510 179
304 1 1 179 510 514 483
305 1 1 510 188 512 514
306 1 1 514 512 189 513
307 1 1 483 514 513 180
308 1 1 180 513 517 486
309 1 1 513 189 515 517
310 1 1 517 515 190 516
311 1 1 486 517 516 181
312 1 1 181 516 520 489
313 1 1 516 190 518 520
314 1 1 520 518 191 519
315 1 1 489 520 519 182
316 1 1 182 519 522 492
317 1 1 519 191 521 522
318 1 1 522 521 27 28
319 1 1 492 522 28 29
320 1 1 77 78 525 494
321 1 1 78 79 523 525
322 1 1 525 523 192 524
323 1 1 494 525 524 183
324 1 1 183 524 528 497
325 1 1 524 192 526 528
326 1 1 528 526 193 527
327 1 1 497 528 527 184
328 1 1 184 527 531 500
329 1 1 527 193 529 531
330 1 1 531 529 194 530
331 1 1 500 531 530 185
332 1 1 185 530 534 503
333 1 1 530 194 532 534
334 1 1 534 532 195 533
335 1 1 503 534 533 186
336 1 1 186 533 537 506
337 1 1 533 195 535 537
338 1 1 537 535 196 536
339 1 1 506 537 536 187
340 1 1 187 536 540 509
341 1 1 536 196 538 540
342 1 1 540 538 197 539
343 1 1 509 540 539 188
344 1 1 188 539 543 512
345 1 1 539 197 541 543
346 1 1 543 541 198 542
347 1 1 512 543 542 189
348 1 1 189 542 546 515
349 1 1 542 198 544 546
350 1 1 546 544 199 545
351 1 1 515 546 545 190
352 1 1 190 545 549 518
353 1 1 545 199 547 549
354 1 1 549 547 200 548
355 1 1 518 549 548 191
356 1 1 191 548 551 521
357 1 1 548 200 550 551
358 1 1 551 550 25 26
359 1 1 521 551 26 27
360 1 1 79 80 554 523
361 1 1 80 81 552 554
362 1 1 554 552 201 553
363 1 1 523 554 553 192
364 1 1 192 553 557 526
365 1 1 553 201 555 557
366 1 1 557 555 202 556
367 1 1 526 557 556 193
368 1 1 193 556 560 529
369 1 1 556 202 558 560
370 1 1 560 558 203 559
371 1 1 529 560 559 194
372 1 1 194 559 563 532
373 1 1 559 203 561 563
374 1 1 563 561 204 562
375 1 1 532 563 562 195
376 1 1 195 562 566 535
377 1 1 562 204 564 566
378 1 1 566 564 205 565
379 1 1 535 566 565 196
380 1 1 196 565 569 538
381 1 1 565 205 567 569
382 1 1 569 567 206 568
383 1 1 538 569 568 197
384 1 1 197 568 572 541
385 1 1 568 206 570 572
386 1 1 572 570 207 571
387 1 1 541 572 571 198
388 1 1 198 571 575 544
389 1 1 571 207 573 575
390 1 1 575 573 208 574
391 1 1 544 575 574 199
392 1 1 199 574 578 547
393 1 1 574 208 576 578
394 1 1 578 576 209 577
395 1 1 547 578 577 200
396 1 1 200 577 580 550
397 1 1 577 209 579 580
398 1 1 580 579 23 24
399 1 1 550 580 24 25
400 1 1 81 82 583 552
401 1 1 82 83 581 583
402 1 1 583 581 210 582
403 1 1 552 583 582 201
404 1 1 201 582 586 555
405 1 1 582 210 584 586
406 1 1 586 584 211 585
407 1 1 555 586 585 202
408 1 1 202 585 589 558
409 1 1 585 211 587 589
410 1 1 589 587 212 588
411 1 1 558 589 588 203
412 1 1 203 588 592 561
413 1 1 588 212 590 592
414 1 1 592 590 213 591
415 1 1 561 592 591 204
416 1 1 204 591 595 564
417 1 1 591 213 593 595
418 1 1 595 593 214 594
419 1 1 564 595 594 205
420 1 1 205 594 598 567
421 1 1 594 214 596 598
422 1 1 598 596 215 597
423 1 1 567 598 597 206
424 1 1 206 597 601 570
425 1 1 597 215 599 601
426 1 1 601 599 216 600
427 1 1 570 601 600 207
428 1 1 207 600 604 573
429 1 1 600 216 602 604
430 1 1 604 602 217 603
431 1 1 573 604 603 208
432 1 1 208 603 607 576
433 1 1 603 217 605 607
434 1 1 607 605 218 606
435 1 1 576 607 606 209
436 1 1 209 606 609 579
437 1 1 606 218 608 609
438 1 1 609 608 21 22
439 1 1 579 609 22 23
440 1 1 83 84 612 581
441 1 1 84 85 610 612
442 1 1 612 610 219 611
443 1 1 581 612 611 210
444 1 1 210 611 615 584
445 1 1 611 219 613 615
446 1 1 615 613 220 614
447 1 1 584 615 614 211
448 1 1 211 614 618 587
449 1 1 614 220 616 618
450 1 1 618 616 221 617
451 1 1 587 618 617 212
452 1 1 212 617 621 590
453 1 1 617 221 619 621
454 1 1 621 619 222 620
455 1 1 590 621 620 213
456 1 1 213 620 624 593
457 1 1 620 222 622 624
458 1 1 624 622 223 623
459 1 1 593 624 623 214
460 1 1 214 623 627 596
461 1 1 623 223 625 627
462 1 1 627 625 224 626
463 1 1 596 627 626 215
464 1 1 215 626 630 599
465 1 1 626 224 628 630
466 1 1 630 628 225 629
467 1 1 599 630 629 216
468 1 1 216 629 633 602
469 1 1 629 225 631 633
470 1 1 633 631 226 632
471 1 1 602 633 632 217
472 1 1 217 632 636 605
473 1 1 632 226 634 636
474 1 1 636 634 227 635
475 1 1 605 636 635 218
476 1 1 218 635 638 608
477 1 1 635 227 637 638
478 1 1 638 637 19 20
479 1 1 608 638 20 21
480 1 1 85 86 641 610
481 1 1 86 87 639 641
482 1 1 641 639 228 640
483 1 1 610 641 640 219
484 1 1 219 640 644 613
485 1 1 640 228 642 644
486 1 1 644 642 229 643
487 1 1 613 644 643 220
488 1 1 220 643 647 616
489 1 1 643 229 645 647
490 1 1 647 645 230 646
491 1 1 616 647 646 221
492 1 1 221 646 650 619
493 1 1 646 230 648 650
494 1 1 650 648 231 649
495 1 1 619 650 649 222
496 1 1 222 649 653 622
497 1 1 649 231 651 653
498 1 1 653 651 232 652
499 1 1 622 653 652 223
500 1 1 223 652 656 625
501 1 1 652 232 654 656
502 1 1 656 654 233 655
503 1 1 625 656 655 224
504 1 1 224 655 659 628
505 1 1 655 233 657 659
506 1 1 659 657 234 658
507 1 1 628 659 658 225
508 1 1 225 658 662 631
509 1 1 658 234 660 662
510 1 1 662 660 235 661
511 1 1 631 662 661 226
512 1 1 226 661 665 634
513 1 1 661 235 663 665
514 1 1 665 663 236 664
515 1 1 634 665 664 227
516 1 1 227 664 667 637
517 1 1 664 236 666 667
518 1 1 667 666 17 18
519 1 1 637 667 18 19
520 1 1 87 88 670 639
521 1 1 88 89 668 670
522 1 1 670 668 237 669
523 1 1 639 670 669 228
524 1 1 228 669 673 642
525 1 1 669 237 671 673
526 1 1 673 671 238 672
527 1 1 642 673 672 229
528 1 1 229 672 676 645
529 1 1 672 238 674 676
530 1 1 676 674 239 675
531 1 1 645 676 675 230
532 1 1 230 675 679 648
533 1 1 675 239 677 679
534 1 1 679 677 240 678
535 1 1 648 679 678 231
536 1 1 231 678 682 651
537 1 1 678 240 680 682
538 1 1 682 680 241 681
539 1 1 651 682 681 232
540 1 1 232 681 685 654
541 1 1 681 241 683 685
542 1 1 685 683 242 684
543 1 1 654 685 684 233
544 1 1 233 684 688 657
545 1 1 684 242 686 688
546 1 1 688 686 243 687
547 1 1 657 688 687 234
548 1 1 234 687 691 660
549 1 1 687 243 689 691
550 1 1 691 689 244 690
551 1 1 660 691 690 235
552 1 1 235 690 694 663
553 1 1 690 244 692 694
554 1 1 694 692 245 693
555 1 1 663 694 693 236
556 1 1 236 693 696 666
557 1 1 693 245 695 696
558 1 1 696 695 15 16
559 1 1 666 696 16 17
560 1 1 89 90 699 668
561 1 1 90 91 697 699
562 1 1 699 697 246 698
563 1 1 668 699 698 237
564 1 1 237 698 702 671
565 1 1 698 246 700 702
566 1 1 702 700 247 701
567 1 1 671 702 701 238
568 1 1 238 701 705 674
569 1 1 701 247 703 705
570 1 1 705 703 248 704
571 1 1 674 705 704 239
572 1 1 239 704 708 677
573 1 1 704 248 706 708
574 1 1 708 706 249 707
575 1 1 677 708 707 240
576 1 1 240 707 711 680
577 1 1 707 249 709 711
578 1 1 711 709 250 710
579 1 1 680 711 710 241
580 1 1 241 710 714 683
581 1 1 710 250 712 714
582 1 1 714 712 251 713
583 1 1 683 714 713 242
584 1 1 242 713 717 686
585 1 1 713 251 715 717
586 1 1 717 715 252 716
587 1 1 686 717 716 243
588 1 1 243 716 720 689
589 1 1 716 252 718 720
590 1 1 720 718 253 719
591 1 1 689 720 719 244
592 1 1 244 719 723 692
593 1 1 719 253 721 723
594 1 1 723 721 254 722
595 1 1 692 723 722 245
596 1 1 245 722 725 695
597 1 1 722 254 724 725
598 1 1 725 724 13 14
599 1 1 695 725 14 15
600 1 1 91 92 728 697
601 1 1 92 93 726 728
602 1 1 728 726 255 727
603 1 1 697 728 727 246
604 1 1 246 727 731 700
605 1 1 727 255 729 731
606 1 1 731 729 256 730
607 1 1 700 731 730 247
608 1 1 247 730 734 703
609 1 1 730 256 732 734
610 1 1 734 732 257 733
611 1 1 703 734 733 248
612 1 1 248 733 737 706
613 1 1 733 257 735 737
614 1 1 737 735 258 736
615 1 1 706 737 736 249
616 1 1 249 736 740 709
617 1 1 736 258 738 740
618 1 1 740 738 259 739
619 1 1 709 740 739 250
620 1 1 250 739 743 712
621 1 1 739 259 741 743
622 1 1 743 741 260 742
623 1 1 712 743 742 251
624 1 1 251 742 746 715
625 1 1 742 260 744 746
626 1 1 746 744 261 745
627 1 1 715 746 745 252
628 1 1 252 745 749 718
629 1 1 745 261 747 749
630 1 1 749 747 262 748
631 1 1 718 749 748 253
632 1 1 253 748 752 721
633 1 1 748 262 750 752
634 1 1 752 750 263 751
635 1 1 721 752 751 254
636 1 1 254 751 754 724
637 1 1 751 263 753 754
638 1 1 754 753 11 12
639 1 1 724 754 12 13
640 1 1 93 94 757 726
641 1 1 94 95 755 757
642 1 1 757 755 264 756
643 1 1 726 757 756 255
644 1 1 255 756 760 729
645 1 1 756 264 758 760
646 1 1 760 758 265 759
647 1 1 729 760 759 256
648 1 1 256 759 763 732
649 1 1 759 265 761 763
650 1 1 763 761 266 762
651 1 1 732 763 762 257
652 1 1 257 762 766 735
653 1 1 762 266 764 766
654 1 1 766 764 267 765
655 1 1 735 766 765 258
656 1 1 258 765 769 738
657 1 1 765 267 767 769
658 1 1 769 767 268 768
659 1 1 738 769 768 259
660 1 1 259 768 772 741
661 1 1 768 268 770 772
662 1 1 772 770 269 771
663 1 1 741 772 771 260
664 1 1 260 771 775 744
665 1 1 771 269 773 775
666 1 1 775 773 270 774
667 1 1 744 775 774 261
668 1 1 261 774 778 747
669 1 1 774 270 776 778
670 1 1 778 776 271 777
671 1 1 747 778 777 262
672 1 1 262 777 781 750
673 1 1 777 271 779 781
674 1 1 781 779 272 780
675 1 1 750 781 780 263
676 1 1 263 780 783 753
677 1 1 780 272 782 783
678 1 1 783 782 9 10
679 1 1 753 783 10 11
680 1 1 95 96 786 755
681 1 1 96 97 784 786
682 1 1 786 784 273 785
683 1 1 755 786 785 264
684 1 1 264 785 789 758
685 1 1 785 273 787 789
686 1 1 789 787 274 788
687 1 1 758 789 788 265
688 1 1 265 788 792 761
689 1 1 788 274 790 792
690 1 1 792 790 275 791
691 1 1 761 792 791 266
692 1 1 266 791 795 764
693 1 1 791 275 793 795
694 1 1 795 793 276 794
695 1 1 764 795 794 267
696 1 1 267 794 798 767
697 1 1 794 276 796 798
698 1 1 798 796 277 797
699 1 1 767 798 797 268
700 1 1 268 797 801 770
701 1 1 797 277 799 801
702 1 1 801 799 278 800
703 1 1 770 801 800 269
704 1 1 269 800 804 773
705 1 1 800 278 802 804
706 1 1 804 802 279 803
707 1 1 773 804 803 270
708 1 1 270 803 807 776
709 1 1 803 279 805 807
710 1 1 807 805 280 806
711 1 1 776 807 806 271
712 1 1 271 806 810 779
713 1 1 806 280 808 810
714 1 1 810 808 281 809
715 1 1 779 810 809 272
716 1 1 272 809 812 782
717 1 1 809 281 811 812
718 1 1 812 811 7 8
719 1 1 782 812 8 9
720 1 1 97 98 815 784
721 1 1 98 99 813 815
722 1 1 815 813 282 814
723 1 1 784 815 814 273
724 1 1 273 814 818 787
725 1 1 814 282 816 818
726 1 1 818 816 283 817
727 1 1 787 818 817 274
728 1 1 274 817 821 790
729 1 1 817 283 819 821
730 1 1 821 819 284 820
731 1 1 790 821 820 275
732 1 1 275 820 824 793
733 1 1 820 284 822 824
734 1 1 824 822 285 823
735 1 1 793 824 823 276
736 1 1 276 823 827 796
737 1 1 823 285 825 827
738 1 1 827 825 286 826
739 1 1 796 827 826 277
740 1 1 277 826 830 799
741 1 1 826 286 828 830
742 1 1 830 828 287 829
743 1 1 799 830 829 278
744 1 1 278 829 833 802
745 1 1 829 287 831 833
746 1 1 833 831 288 832
747 1 1 802 833 832 279
748 1 1 279 832 836 805
749 1 1 832 288 834 836
750 1 1 836 834 289 835
751 1 1 805 836 835 280
752 1 1 280 835 839 808
753 1 1 835 289 837 839
754 1 1 839 837 290 838
755 1 1 808 839 838 281
756 1 1 281 838 841 811
757 1 1 838 290 840 841
758 1 1 841 840 5 6
759 1 1 811 841 6 7
760 1 1 99 100 843 813
761 1 1 100 3 101 843
762 1 1 843 101 102 842
763 1 1 813 843 842 282
764 1 1 282 842 845 816
765 1 1 842 102 103 845
766 1 1 845 103 104 844
767 1 1 816 845 844 283
768 1 1 283 844 847 819
769 1 1 844 104 105 847
770 1 1 847 105 106 846
771 1 1 819 847 846 284
772 1 1 284 846 849 822
773 1 1 846 106 107 849
774 1 1 849 107 108 848
775 1 1 822 849 848 285
776 1 1 285 848 851 825
777 1 1 848 108 109 851
778 1 1 851 109 110 850
779 1 1 825 851 850 286
780 1 1 286 850 853 828
781 1 1 850 110 111 853
782 1 1 853 111 112 852
783 1 1 828 853 852 287
784 1 1 287 852 855 831
785 1 1 852 112 113 855
786 1 1 855 113 114 854
787 1 1 831 855 854 288
788 1 1 288 854 857 834
789 1 1 854 114 115 857
790 1 1 857 115 116 856
791 1 1 834 857 856 289
792 1 1 289 856 859 837
793 1 1 856 116 117 859
794 1 1 859 117 118 858
795 1 1 837 859 858 290
796 1 1 290 858 860 840
797 1 1 858 118 119 860
798 1 1 860 119 0 4
799 1 1 840 860 4 5
