1 0.000000 -0.024390
2 0.000000 -0.024390
83 0.000000 -0.024390
84 0.000000 -0.024390
85 0.000000 -0.024390
86 0.000000 -0.024390
87 0.000000 -0.024390
88 0.000000 -0.024390
89 0.000000 -0.024390
90 0.000000 -0.024390
91 0.000000 -0.024390
92 0.000000 -0.024390
93 0.000000 -0.024390
94 0.000000 -0.024390
95 0.000000 -0.024390
96 0.000000 -0.024390
97 0.000000 -0.024390
98 0.000000 -0.024390
99 0.000000 -0.024390
100 0.000000 -0.024390
101 0.000000 -0.024390
102 0.000000 -0.024390
103 0.000000 -0.024390
104 0.000000 -0.024390
105 0.000000 -0.024390
106 0.000000 -0.024390
107 0.000000 -0.024390
108 0.000000 -0.024390
109 0.000000 -0.024390
110 0.000000 -0.024390
111 0.000000 -0.024390
112 0.000000 -0.024390
113 0.000000 -0.024390
114 0.000000 -0.024390
115 0.000000 -0.024390
116 0.000000 -0.024390
117 0.000000 -0.024390
118 0.000000 -0.024390
119 0.000000 -0.024390
120 0.000000 -0.024390
121 0.000000 -0.024390
