0	0.00	0.00	-1	-1
1	10.00	4.00	0	0
2	10.00	2.00	0	0
3	0.00	4.00	-1	-1
4	0.50	0.10	0	0
5	1.00	0.20	0	0
6	1.50	0.30	0	0
7	2.00	0.40	0	0
8	2.50	0.50	0	0
9	3.00	0.60	0	0
10	3.50	0.70	0	0
11	4.00	0.80	0	0
12	4.50	0.90	0	0
13	5.00	1.00	0	0
14	5.50	1.10	0	0
15	6.00	1.20	0	0
16	6.50	1.30	0	0
17	7.00	1.40	0	0
18	7.50	1.50	0	0
19	8.00	1.60	0	0
20	8.50	1.70	0	0
21	9.00	1.80	0	0
22	9.50	1.90	0	0
23	10.00	2.20	0	0
24	10.00	2.40	0	0
25	10.00	2.60	0	0
26	10.00	2.80	0	0
27	10.00	3.00	0	0
28	10.00	3.20	0	0
29	10.00	3.40	0	0
30	10.00	3.60	0	0
31	10.00	3.80	0	0
32	9.50	4.00	0	0
33	9.00	4.00	0	0
34	8.50	4.00	0	0
35	8.00	4.00	0	0
36	7.50	4.00	0	0
37	7.00	4.00	0	0
38	6.50	4.00	0	0
39	6.00	4.00	0	0
40	5.50	4.00	0	0
41	5.00	4.00	0	0
42	4.50	4.00	0	0
43	4.00	4.00	0	0
44	3.50	4.00	0	0
45	3.00	4.00	0	0
46	2.50	4.00	0	0
47	2.00	4.00	0	0
48	1.50	4.00	0	0
49	1.00	4.00	0	0
50	0.50	4.00	0	0
51	0.00	3.60	-1	-1
52	0.00	3.20	-1	-1
53	0.00	2.80	-1	-1
54	0.00	2.40	-1	-1
55	0.00	2.00	-1	-1
56	0.00	1.60	-1	-1
57	0.00	1.20	-1	-1
58	0.00	0.80	-1	-1
59	0.00	0.40	-1	-1
60	9.50	3.79	0	0
61	9.50	3.58	0	0
62	9.50	3.37	0	0
63	9.50	3.16	0	0
64	9.50	2.95	0	0
65	9.50	2.74	0	0
66	9.50	2.53	0	0
67	9.50	2.32	0	0
68	9.50	2.11	0	0
69	9.00	3.78	0	0
70	9.00	3.56	0	0
71	9.00	3.34	0	0
72	9.00	3.12	0	0
73	9.00	2.90	0	0
74	9.00	2.68	0	0
75	9.00	2.46	0	0
76	9.00	2.24	0	0
77	9.00	2.02	0	0
78	8.50	3.77	0	0
79	8.50	3.54	0	0
80	8.50	3.31	0	0
81	8.50	3.08	0	0
82	8.50	2.85	0	0
83	8.50	2.62	0	0
84	8.50	2.39	0	0
85	8.50	2.16	0	0
86	8.50	1.93	0	0
87	8.00	3.76	0	0
88	8.00	3.52	0	0
89	8.00	3.28	0	0
90	8.00	3.04	0	0
91	8.00	2.80	0	0
92	8.00	2.56	0	0
93	8.00	2.32	0	0
94	8.00	2.08	0	0
95	8.00	1.84	0	0
96	7.50	3.75	0	0
97	7.50	3.50	0	0
98	7.50	3.25	0	0
99	7.50	3.00	0	0
100	7.50	2.75	0	0
101	7.50	2.50	0	0
102	7.50	2.25	0	0
103	7.50	2.00	0	0
104	7.50	1.75	0	0
105	7.00	3.74	0	0
106	7.00	3.48	0	0
107	7.00	3.22	0	0
108	7.00	2.96	0	0
109	7.00	2.70	0	0
110	7.00	2.44	0	0
111	7.00	2.18	0	0
112	7.00	1.92	0	0
113	7.00	1.66	0	0
114	6.50	3.73	0	0
115	6.50	3.46	0	0
116	6.50	3.19	0	0
117	6.50	2.92	0	0
118	6.50	2.65	0	0
119	6.50	2.38	0	0
120	6.50	2.11	0	0
121	6.50	1.84	0	0
122	6.50	1.57	0	0
123	6.00	3.72	0	0
124	6.00	3.44	0	0
125	6.00	3.16	0	0
126	6.00	2.88	0	0
127	6.00	2.60	0	0
128	6.00	2.32	0	0
129	6.00	2.04	0	0
130	6.00	1.76	0	0
131	6.00	1.48	0	0
132	5.50	3.71	0	0
133	5.50	3.42	0	0
134	5.50	3.13	0	0
135	5.50	2.84	0	0
136	5.50	2.55	0	0
137	5.50	2.26	0	0
138	5.50	1.97	0	0
139	5.50	1.68	0	0
140	5.50	1.39	0	0
141	5.00	3.70	0	0
142	5.00	3.40	0	0
143	5.00	3.10	0	0
144	5.00	2.80	0	0
145	5.00	2.50	0	0
146	5.00	2.20	0	0
147	5.00	1.90	0	0
148	5.00	1.60	0	0
149	5.00	1.30	0	0
150	4.50	3.69	0	0
151	4.50	3.38	0	0
152	4.50	3.07	0	0
153	4.50	2.76	0	0
154	4.50	2.45	0	0
155	4.50	2.14	0	0
156	4.50	1.83	0	0
157	4.50	1.52	0	0
158	4.50	1.21	0	0
159	4.00	3.68	0	0
160	4.00	3.36	0	0
161	4.00	3.04	0	0
162	4.00	2.72	0	0
163	4.00	2.40	0	0
164	4.00	2.08	0	0
165	4.00	1.76	0	0
166	4.00	1.44	0	0
167	4.00	1.12	0	0
168	3.50	3.67	0	0
169	3.50	3.34	0	0
170	3.50	3.01	0	0
171	3.50	2.68	0	0
172	3.50	2.35	0	0
173	3.50	2.02	0	0
174	3.50	1.69	0	0
175	3.50	1.36	0	0
176	3.50	1.03	0	0
177	3.00	3.66	0	0
178	3.00	3.32	0	0
179	3.00	2.98	0	0
180	3.00	2.64	0	0
181	3.00	2.30	0	0
182	3.00	1.96	0	0
183	3.00	1.62	0	0
184	3.00	1.28	0	0
185	3.00	0.94	0	0
186	2.50	3.65	0	0
187	2.50	3.30	0	0
188	2.50	2.95	0	0
189	2.50	2.60	0	0
190	2.50	2.25	0	0
191	2.50	1.90	0	0
192	2.50	1.55	0	0
193	2.50	1.20	0	0
194	2.50	0.85	0	0
195	2.00	3.64	0	0
196	2.00	3.28	0	0
197	2.00	2.92	0	0
198	2.00	2.56	0	0
199	2.00	2.20	0	0
200	2.00	1.84	0	0
201	2.00	1.48	0	0
202	2.00	1.12	0	0
203	2.00	0.76	0	0
204	1.50	3.63	0	0
205	1.50	3.26	0	0
206	1.50	2.89	0	0
207	1.50	2.52	0	0
208	1.50	2.15	0	0
209	1.50	1.78	0	0
210	1.50	1.41	0	0
211	1.50	1.04	0	0
212	1.50	0.67	0	0
213	1.00	3.62	0	0
214	1.00	3.24	0	0
215	1.00	2.86	0	0
216	1.00	2.48	0	0
217	1.00	2.10	0	0
218	1.00	1.72	0	0
219	1.00	1.34	0	0
220	1.00	0.96	0	0
221	1.00	0.58	0	0
222	0.50	3.61	0	0
223	0.50	3.22	0	0
224	0.50	2.83	0	0
225	0.50	2.44	0	0
226	0.50	2.05	0	0
227	0.50	1.66	0	0
228	0.50	1.27	0	0
229	0.50	0.88	0	0
230	0.50	0.49	0	0
