    0         2         1         0         4       139        23       521       159
    1         2         1       139         4       160       521       522       523
    2         2         1       139       160       138       523       524       158
    3         2         1       138       160       161       524       525       526
    4         2         1       138       161       137       526       527       157
    5         2         1       137       161       162       527       528       529
    6         2         1       137       162       136       529       530       156
    7         2         1       136       162       163       530       531       532
    8         2         1       136       163       135       532       533       155
    9         2         1       135       163       164       533       534       535
   10         2         1       135       164       134       535       536       154
   11         2         1       134       164       165       536       537       538
   12         2         1       134       165       133       538       539       153
   13         2         1       133       165       166       539       540       541
   14         2         1       133       166       132       541       542       152
   15         2         1       132       166       167       542       543       544
   16         2         1       132       167       131       544       545       151
   17         2         1       131       167       168       545       546       547
   18         2         1       131       168       130       547       548       150
   19         2         1       130       168       169       548       549       550
   20         2         1       130       169       129       550       551       149
   21         2         1       129       169       170       551       552       553
   22         2         1       129       170       128       553       554       148
   23         2         1       128       170       171       554       555       556
   24         2         1       128       171       127       556       557       147
   25         2         1       127       171       172       557       558       559
   26         2         1       127       172       126       559       560       146
   27         2         1       126       172       173       560       561       562
   28         2         1       126       173       125       562       563       145
   29         2         1       125       173       174       563       564       565
   30         2         1       125       174       124       565       566       144
   31         2         1       124       174       175       566       567       568
   32         2         1       124       175       123       568       569       143
   33         2         1       123       175       176       569       570       571
   34         2         1       123       176       122       571       572       142
   35         2         1       122       176       177       572       573       574
   36         2         1       122       177       121       574       575       141
   37         2         1       121       177       178       575       576       577
   38         2         1       121       178         3       577       578       140
   39         2         1         3       178       100       578       579       120
   40         2         1         4         5       160        24       580       522
   41         2         1       160         5       179       580       581       582
   42         2         1       160       179       161       582       583       525
   43         2         1       161       179       180       583       584       585
   44         2         1       161       180       162       585       586       528
   45         2         1       162       180       181       586       587       588
   46         2         1       162       181       163       588       589       531
   47         2         1       163       181       182       589       590       591
   48         2         1       163       182       164       591       592       534
   49         2         1       164       182       183       592       593       594
   50         2         1       164       183       165       594       595       537
   51         2         1       165       183       184       595       596       597
   52         2         1       165       184       166       597       598       540
   53         2         1       166       184       185       598       599       600
   54         2         1       166       185       167       600       601       543
   55         2         1       167       185       186       601       602       603
   56         2         1       167       186       168       603       604       546
   57         2         1       168       186       187       604       605       606
   58         2         1       168       187       169       606       607       549
   59         2         1       169       187       188       607       608       609
   60         2         1       169       188       170       609       610       552
   61         2         1       170       188       189       610       611       612
   62         2         1       170       189       171       612       613       555
   63         2         1       171       189       190       613       614       615
   64         2         1       171       190       172       615       616       558
   65         2         1       172       190       191       616       617       618
   66         2         1       172       191       173       618       619       561
   67         2         1       173       191       192       619       620       621
   68         2         1       173       192       174       621       622       564
   69         2         1       174       192       193       622       623       624
   70         2         1       174       193       175       624       625       567
   71         2         1       175       193       194       625       626       627
   72         2         1       175       194       176       627       628       570
   73         2         1       176       194       195       628       629       630
   74         2         1       176       195       177       630       631       573
   75         2         1       177       195       196       631       632       633
   76         2         1       177       196       178       633       634       576
   77         2         1       178       196       197       634       635       636
   78         2         1       178       197       100       636       637       579
   79         2         1       100       197        99       637       638       119
   80         2         1         5         6       179        25       639       581
   81         2         1       179         6       198       639       640       641
   82         2         1       179       198       180       641       642       584
   83         2         1       180       198       199       642       643       644
   84         2         1       180       199       181       644       645       587
   85         2         1       181       199       200       645       646       647
   86         2         1       181       200       182       647       648       590
   87         2         1       182       200       201       648       649       650
   88         2         1       182       201       183       650       651       593
   89         2         1       183       201       202       651       652       653
   90         2         1       183       202       184       653       654       596
   91         2         1       184       202       203       654       655       656
   92         2         1       184       203       185       656       657       599
   93         2         1       185       203       204       657       658       659
   94         2         1       185       204       186       659       660       602
   95         2         1       186       204       205       660       661       662
   96         2         1       186       205       187       662       663       605
   97         2         1       187       205       206       663       664       665
   98         2         1       187       206       188       665       666       608
   99         2         1       188       206       207       666       667       668
  100         2         1       188       207       189       668       669       611
  101         2         1       189       207       208       669       670       671
  102         2         1       189       208       190       671       672       614
  103         2         1       190       208       209       672       673       674
  104         2         1       190       209       191       674       675       617
  105         2         1       191       209       210       675       676       677
  106         2         1       191       210       192       677       678       620
  107         2         1       192       210       211       678       679       680
  108         2         1       192       211       193       680       681       623
  109         2         1       193       211       212       681       682       683
  110         2         1       193       212       194       683       684       626
  111         2         1       194       212       213       684       685       686
  112         2         1       194       213       195       686       687       629
  113         2         1       195       213       214       687       688       689
  114         2         1       195       214       196       689       690       632
  115         2         1       196       214       215       690       691       692
  116         2         1       196       215       197       692       693       635
  117         2         1       197       215       216       693       694       695
  118         2         1       197       216        99       695       696       638
  119         2         1        99       216        98       696       697       118
  120         2         1         6         7       198        26       698       640
  121         2         1       198         7       217       698       699       700
  122         2         1       198       217       199       700       701       643
  123         2         1       199       217       218       701       702       703
  124         2         1       199       218       200       703       704       646
  125         2         1       200       218       219       704       705       706
  126         2         1       200       219       201       706       707       649
  127         2         1       201       219       220       707       708       709
  128         2         1       201       220       202       709       710       652
  129         2         1       202       220       221       710       711       712
  130         2         1       202       221       203       712       713       655
  131         2         1       203       221       222       713       714       715
  132         2         1       203       222       204       715       716       658
  133         2         1       204       222       223       716       717       718
  134         2         1       204       223       205       718       719       661
  135         2         1       205       223       224       719       720       721
  136         2         1       205       224       206       721       722       664
  137         2         1       206       224       225       722       723       724
  138         2         1       206       225       207       724       725       667
  139         2         1       207       225       226       725       726       727
  140         2         1       207       226       208       727       728       670
  141         2         1       208       226       227       728       729       730
  142         2         1       208       227       209       730       731       673
  143         2         1       209       227       228       731       732       733
  144         2         1       209       228       210       733       734       676
  145         2         1       210       228       229       734       735       736
  146         2         1       210       229       211       736       737       679
  147         2         1       211       229       230       737       738       739
  148         2         1       211       230       212       739       740       682
  149         2         1       212       230       231       740       741       742
  150         2         1       212       231       213       742       743       685
  151         2         1       213       231       232       743       744       745
  152         2         1       213       232       214       745       746       688
  153         2         1       214       232       233       746       747       748
  154         2         1       214       233       215       748       749       691
  155         2         1       215       233       234       749       750       751
  156         2         1       215       234       216       751       752       694
  157         2         1       216       234       235       752       753       754
  158         2         1       216       235        98       754       755       697
  159         2         1        98       235        97       755       756       117
  160         2         1         7         8       217        27       757       699
  161         2         1       217         8       236       757       758       759
  162         2         1       217       236       218       759       760       702
  163         2         1       218       236       237       760       761       762
  164         2         1       218       237       219       762       763       705
  165         2         1       219       237       238       763       764       765
  166         2         1       219       238       220       765       766       708
  167         2         1       220       238       239       766       767       768
  168         2         1       220       239       221       768       769       711
  169         2         1       221       239       240       769       770       771
  170         2         1       221       240       222       771       772       714
  171         2         1       222       240       241       772       773       774
  172         2         1       222       241       223       774       775       717
  173         2         1       223       241       242       775       776       777
  174         2         1       223       242       224       777       778       720
  175         2         1       224       242       243       778       779       780
  176         2         1       224       243       225       780       781       723
  177         2         1       225       243       244       781       782       783
  178         2         1       225       244       226       783       784       726
  179         2         1       226       244       245       784       785       786
  180         2         1       226       245       227       786       787       729
  181         2         1       227       245       246       787       788       789
  182         2         1       227       246       228       789       790       732
  183         2         1       228       246       247       790       791       792
  184         2         1       228       247       229       792       793       735
  185         2         1       229       247       248       793       794       795
  186         2         1       229       248       230       795       796       738
  187         2         1       230       248       249       796       797       798
  188         2         1       230       249       231       798       799       741
  189         2         1       231       249       250       799       800       801
  190         2         1       231       250       232       801       802       744
  191         2         1       232       250       251       802       803       804
  192         2         1       232       251       233       804       805       747
  193         2         1       233       251       252       805       806       807
  194         2         1       233       252       234       807       808       750
  195         2         1       234       252       253       808       809       810
  196         2         1       234       253       235       810       811       753
  197         2         1       235       253       254       811       812       813
  198         2         1       235       254        97       813       814       756
  199         2         1        97       254        96       814       815       116
  200         2         1         8         9       236        28       816       758
  201         2         1       236         9       255       816       817       818
  202         2         1       236       255       237       818       819       761
  203         2         1       237       255       256       819       820       821
  204         2         1       237       256       238       821       822       764
  205         2         1       238       256       257       822       823       824
  206         2         1       238       257       239       824       825       767
  207         2         1       239       257       258       825       826       827
  208         2         1       239       258       240       827       828       770
  209         2         1       240       258       259       828       829       830
  210         2         1       240       259       241       830       831       773
  211         2         1       241       259       260       831       832       833
  212         2         1       241       260       242       833       834       776
  213         2         1       242       260       261       834       835       836
  214         2         1       242       261       243       836       837       779
  215         2         1       243       261       262       837       838       839
  216         2         1       243       262       244       839       840       782
  217         2         1       244       262       263       840       841       842
  218         2         1       244       263       245       842       843       785
  219         2         1       245       263       264       843       844       845
  220         2         1       245       264       246       845       846       788
  221         2         1       246       264       265       846       847       848
  222         2         1       246       265       247       848       849       791
  223         2         1       247       265       266       849       850       851
  224         2         1       247       266       248       851       852       794
  225         2         1       248       266       267       852       853       854
  226         2         1       248       267       249       854       855       797
  227         2         1       249       267       268       855       856       857
  228         2         1       249       268       250       857       858       800
  229         2         1       250       268       269       858       859       860
  230         2         1       250       269       251       860       861       803
  231         2         1       251       269       270       861       862       863
  232         2         1       251       270       252       863       864       806
  233         2         1       252       270       271       864       865       866
  234         2         1       252       271       253       866       867       809
  235         2         1       253       271       272       867       868       869
  236         2         1       253       272       254       869       870       812
  237         2         1       254       272       273       870       871       872
  238         2         1       254       273        96       872       873       815
  239         2         1        96       273        95       873       874       115
  240         2         1         9        10       255        29       875       817
  241         2         1       255        10       274       875       876       877
  242         2         1       255       274       256       877       878       820
  243         2         1       256       274       275       878       879       880
  244         2         1       256       275       257       880       881       823
  245         2         1       257       275       276       881       882       883
  246         2         1       257       276       258       883       884       826
  247         2         1       258       276       277       884       885       886
  248         2         1       258       277       259       886       887       829
  249         2         1       259       277       278       887       888       889
  250         2         1       259       278       260       889       890       832
  251         2         1       260       278       279       890       891       892
  252         2         1       260       279       261       892       893       835
  253         2         1       261       279       280       893       894       895
  254         2         1       261       280       262       895       896       838
  255         2         1       262       280       281       896       897       898
  256         2         1       262       281       263       898       899       841
  257         2         1       263       281       282       899       900       901
  258         2         1       263       282       264       901       902       844
  259         2         1       264       282       283       902       903       904
  260         2         1       264       283       265       904       905       847
  261         2         1       265       283       284       905       906       907
  262         2         1       265       284       266       907       908       850
  263         2         1       266       284       285       908       909       910
  264         2         1       266       285       267       910       911       853
  265         2         1       267       285       286       911       912       913
  266         2         1       267       286       268       913       914       856
  267         2         1       268       286       287       914       915       916
  268         2         1       268       287       269       916       917       859
  269         2         1       269       287       288       917       918       919
  270         2         1       269       288       270       919       920       862
  271         2         1       270       288       289       920       921       922
  272         2         1       270       289       271       922       923       865
  273         2         1       271       289       290       923       924       925
  274         2         1       271       290       272       925       926       868
  275         2         1       272       290       291       926       927       928
  276         2         1       272       291       273       928       929       871
  277         2         1       273       291       292       929       930       931
  278         2         1       273       292        95       931       932       874
  279         2         1        95       292        94       932       933       114
  280         2         1        10        11       274        30       934       876
  281         2         1       274        11       293       934       935       936
  282         2         1       274       293       275       936       937       879
  283         2         1       275       293       294       937       938       939
  284         2         1       275       294       276       939       940       882
  285         2         1       276       294       295       940       941       942
  286         2         1       276       295       277       942       943       885
  287         2         1       277       295       296       943       944       945
  288         2         1       277       296       278       945       946       888
  289         2         1       278       296       297       946       947       948
  290         2         1       278       297       279       948       949       891
  291         2         1       279       297       298       949       950       951
  292         2         1       279       298       280       951       952       894
  293         2         1       280       298       299       952       953       954
  294         2         1       280       299       281       954       955       897
  295         2         1       281       299       300       955       956       957
  296         2         1       281       300       282       957       958       900
  297         2         1       282       300       301       958       959       960
  298         2         1       282       301       283       960       961       903
  299         2         1       283       301       302       961       962       963
  300         2         1       283       302       284       963       964       906
  301         2         1       284       302       303       964       965       966
  302         2         1       284       303       285       966       967       909
  303         2         1       285       303       304       967       968       969
  304         2         1       285       304       286       969       970       912
  305         2         1       286       304       305       970       971       972
  306         2         1       286       305       287       972       973       915
  307         2         1       287       305       306       973       974       975
  308         2         1       287       306       288       975       976       918
  309         2         1       288       306       307       976       977       978
  310         2         1       288       307       289       978       979       921
  311         2         1       289       307       308       979       980       981
  312         2         1       289       308       290       981       982       924
  313         2         1       290       308       309       982       983       984
  314         2         1       290       309       291       984       985       927
  315         2         1       291       309       310       985       986       987
  316         2         1       291       310       292       987       988       930
  317         2         1       292       310       311       988       989       990
  318         2         1       292       311        94       990       991       933
  319         2         1        94       311        93       991       992       113
  320         2         1        11        12       293        31       993       935
  321         2         1       293        12       312       993       994       995
  322         2         1       293       312       294       995       996       938
  323         2         1       294       312       313       996       997       998
  324         2         1       294       313       295       998       999       941
  325         2         1       295       313       314       999      1000      1001
  326         2         1       295       314       296      1001      1002       944
  327         2         1       296       314       315      1002      1003      1004
  328         2         1       296       315       297      1004      1005       947
  329         2         1       297       315       316      1005      1006      1007
  330         2         1       297       316       298      1007      1008       950
  331         2         1       298       316       317      1008      1009      1010
  332         2         1       298       317       299      1010      1011       953
  333         2         1       299       317       318      1011      1012      1013
  334         2         1       299       318       300      1013      1014       956
  335         2         1       300       318       319      1014      1015      1016
  336         2         1       300       319       301      1016      1017       959
  337         2         1       301       319       320      1017      1018      1019
  338         2         1       301       320       302      1019      1020       962
  339         2         1       302       320       321      1020      1021      1022
  340         2         1       302       321       303      1022      1023       965
  341         2         1       303       321       322      1023      1024      1025
  342         2         1       303       322       304      1025      1026       968
  343         2         1       304       322       323      1026      1027      1028
  344         2         1       304       323       305      1028      1029       971
  345         2         1       305       323       324      1029      1030      1031
  346         2         1       305       324       306      1031      1032       974
  347         2         1       306       324       325      1032      1033      1034
  348         2         1       306       325       307      1034      1035       977
  349         2         1       307       325       326      1035      1036      1037
  350         2         1       307       326       308      1037      1038       980
  351         2         1       308       326       327      1038      1039      1040
  352         2         1       308       327       309      1040      1041       983
  353         2         1       309       327       328      1041      1042      1043
  354         2         1       309       328       310      1043      1044       986
  355         2         1       310       328       329      1044      1045      1046
  356         2         1       310       329       311      1046      1047       989
  357         2         1       311       329       330      1047      1048      1049
  358         2         1       311       330        93      1049      1050       992
  359         2         1        93       330        92      1050      1051       112
  360         2         1        12        13       312        32      1052       994
  361         2         1       312        13       331      1052      1053      1054
  362         2         1       312       331       313      1054      1055       997
  363         2         1       313       331       332      1055      1056      1057
  364         2         1       313       332       314      1057      1058      1000
  365         2         1       314       332       333      1058      1059      1060
  366         2         1       314       333       315      1060      1061      1003
  367         2         1       315       333       334      1061      1062      1063
  368         2         1       315       334       316      1063      1064      1006
  369         2         1       316       334       335      1064      1065      1066
  370         2         1       316       335       317      1066      1067      1009
  371         2         1       317       335       336      1067      1068      1069
  372         2         1       317       336       318      1069      1070      1012
  373         2         1       318       336       337      1070      1071      1072
  374         2         1       318       337       319      1072      1073      1015
  375         2         1       319       337       338      1073      1074      1075
  376         2         1       319       338       320      1075      1076      1018
  377         2         1       320       338       339      1076      1077      1078
  378         2         1       320       339       321      1078      1079      1021
  379         2         1       321       339       340      1079      1080      1081
  380         2         1       321       340       322      1081      1082      1024
  381         2         1       322       340       341      1082      1083      1084
  382         2         1       322       341       323      1084      1085      1027
  383         2         1       323       341       342      1085      1086      1087
  384         2         1       323       342       324      1087      1088      1030
  385         2         1       324       342       343      1088      1089      1090
  386         2         1       324       343       325      1090      1091      1033
  387         2         1       325       343       344      1091      1092      1093
  388         2         1       325       344       326      1093      1094      1036
  389         2         1       326       344       345      1094      1095      1096
  390         2         1       326       345       327      1096      1097      1039
  391         2         1       327       345       346      1097      1098      1099
  392         2         1       327       346       328      1099      1100      1042
  393         2         1       328       346       347      1100      1101      1102
  394         2         1       328       347       329      1102      1103      1045
  395         2         1       329       347       348      1103      1104      1105
  396         2         1       329       348       330      1105      1106      1048
  397         2         1       330       348       349      1106      1107      1108
  398         2         1       330       349        92      1108      1109      1051
  399         2         1        92       349        91      1109      1110       111
  400         2         1        13        14       331        33      1111      1053
  401         2         1       331        14       350      1111      1112      1113
  402         2         1       331       350       332      1113      1114      1056
  403         2         1       332       350       351      1114      1115      1116
  404         2         1       332       351       333      1116      1117      1059
  405         2         1       333       351       352      1117      1118      1119
  406         2         1       333       352       334      1119      1120      1062
  407         2         1       334       352       353      1120      1121      1122
  408         2         1       334       353       335      1122      1123      1065
  409         2         1       335       353       354      1123      1124      1125
  410         2         1       335       354       336      1125      1126      1068
  411         2         1       336       354       355      1126      1127      1128
  412         2         1       336       355       337      1128      1129      1071
  413         2         1       337       355       356      1129      1130      1131
  414         2         1       337       356       338      1131      1132      1074
  415         2         1       338       356       357      1132      1133      1134
  416         2         1       338       357       339      1134      1135      1077
  417         2         1       339       357       358      1135      1136      1137
  418         2         1       339       358       340      1137      1138      1080
  419         2         1       340       358       359      1138      1139      1140
  420         2         1       340       359       341      1140      1141      1083
  421         2         1       341       359       360      1141      1142      1143
  422         2         1       341       360       342      1143      1144      1086
  423         2         1       342       360       361      1144      1145      1146
  424         2         1       342       361       343      1146      1147      1089
  425         2         1       343       361       362      1147      1148      1149
  426         2         1       343       362       344      1149      1150      1092
  427         2         1       344       362       363      1150      1151      1152
  428         2         1       344       363       345      1152      1153      1095
  429         2         1       345       363       364      1153      1154      1155
  430         2         1       345       364       346      1155      1156      1098
  431         2         1       346       364       365      1156      1157      1158
  432         2         1       346       365       347      1158      1159      1101
  433         2         1       347       365       366      1159      1160      1161
  434         2         1       347       366       348      1161      1162      1104
  435         2         1       348       366       367      1162      1163      1164
  436         2         1       348       367       349      1164      1165      1107
  437         2         1       349       367       368      1165      1166      1167
  438         2         1       349       368        91      1167      1168      1110
  439         2         1        91       368        90      1168      1169       110
  440         2         1        14        15       350        34      1170      1112
  441         2         1       350        15       369      1170      1171      1172
  442         2         1       350       369       351      1172      1173      1115
  443         2         1       351       369       370      1173      1174      1175
  444         2         1       351       370       352      1175      1176      1118
  445         2         1       352       370       371      1176      1177      1178
  446         2         1       352       371       353      1178      1179      1121
  447         2         1       353       371       372      1179      1180      1181
  448         2         1       353       372       354      1181      1182      1124
  449         2         1       354       372       373      1182      1183      1184
  450         2         1       354       373       355      1184      1185      1127
  451         2         1       355       373       374      1185      1186      1187
  452         2         1       355       374       356      1187      1188      1130
  453         2         1       356       374       375      1188      1189      1190
  454         2         1       356       375       357      1190      1191      1133
  455         2         1       357       375       376      1191      1192      1193
  456         2         1       357       376       358      1193      1194      1136
  457         2         1       358       376       377      1194      1195      1196
  458         2         1       358       377       359      1196      1197      1139
  459         2         1       359       377       378      1197      1198      1199
  460         2         1       359       378       360      1199      1200      1142
  461         2         1       360       378       379      1200      1201      1202
  462         2         1       360       379       361      1202      1203      1145
  463         2         1       361       379       380      1203      1204      1205
  464         2         1       361       380       362      1205      1206      1148
  465         2         1       362       380       381      1206      1207      1208
  466         2         1       362       381       363      1208      1209      1151
  467         2         1       363       381       382      1209      1210      1211
  468         2         1       363       382       364      1211      1212      1154
  469         2         1       364       382       383      1212      1213      1214
  470         2         1       364       383       365      1214      1215      1157
  471         2         1       365       383       384      1215      1216      1217
  472         2         1       365       384       366      1217      1218      1160
  473         2         1       366       384       385      1218      1219      1220
  474         2         1       366       385       367      1220      1221      1163
  475         2         1       367       385       386      1221      1222      1223
  476         2         1       367       386       368      1223      1224      1166
  477         2         1       368       386       387      1224      1225      1226
  478         2         1       368       387        90      1226      1227      1169
  479         2         1        90       387        89      1227      1228       109
  480         2         1        15        16       369        35      1229      1171
  481         2         1       369        16       388      1229      1230      1231
  482         2         1       369       388       370      1231      1232      1174
  483         2         1       370       388       389      1232      1233      1234
  484         2         1       370       389       371      1234      1235      1177
  485         2         1       371       389       390      1235      1236      1237
  486         2         1       371       390       372      1237      1238      1180
  487         2         1       372       390       391      1238      1239      1240
  488         2         1       372       391       373      1240      1241      1183
  489         2         1       373       391       392      1241      1242      1243
  490         2         1       373       392       374      1243      1244      1186
  491         2         1       374       392       393      1244      1245      1246
  492         2         1       374       393       375      1246      1247      1189
  493         2         1       375       393       394      1247      1248      1249
  494         2         1       375       394       376      1249      1250      1192
  495         2         1       376       394       395      1250      1251      1252
  496         2         1       376       395       377      1252      1253      1195
  497         2         1       377       395       396      1253      1254      1255
  498         2         1       377       396       378      1255      1256      1198
  499         2         1       378       396       397      1256      1257      1258
  500         2         1       378       397       379      1258      1259      1201
  501         2         1       379       397       398      1259      1260      1261
  502         2         1       379       398       380      1261      1262      1204
  503         2         1       380       398       399      1262      1263      1264
  504         2         1       380       399       381      1264      1265      1207
  505         2         1       381       399       400      1265      1266      1267
  506         2         1       381       400       382      1267      1268      1210
  507         2         1       382       400       401      1268      1269      1270
  508         2         1       382       401       383      1270      1271      1213
  509         2         1       383       401       402      1271      1272      1273
  510         2         1       383       402       384      1273      1274      1216
  511         2         1       384       402       403      1274      1275      1276
  512         2         1       384       403       385      1276      1277      1219
  513         2         1       385       403       404      1277      1278      1279
  514         2         1       385       404       386      1279      1280      1222
  515         2         1       386       404       405      1280      1281      1282
  516         2         1       386       405       387      1282      1283      1225
  517         2         1       387       405       406      1283      1284      1285
  518         2         1       387       406        89      1285      1286      1228
  519         2         1        89       406        88      1286      1287       108
  520         2         1        16        17       388        36      1288      1230
  521         2         1       388        17       407      1288      1289      1290
  522         2         1       388       407       389      1290      1291      1233
  523         2         1       389       407       408      1291      1292      1293
  524         2         1       389       408       390      1293      1294      1236
  525         2         1       390       408       409      1294      1295      1296
  526         2         1       390       409       391      1296      1297      1239
  527         2         1       391       409       410      1297      1298      1299
  528         2         1       391       410       392      1299      1300      1242
  529         2         1       392       410       411      1300      1301      1302
  530         2         1       392       411       393      1302      1303      1245
  531         2         1       393       411       412      1303      1304      1305
  532         2         1       393       412       394      1305      1306      1248
  533         2         1       394       412       413      1306      1307      1308
  534         2         1       394       413       395      1308      1309      1251
  535         2         1       395       413       414      1309      1310      1311
  536         2         1       395       414       396      1311      1312      1254
  537         2         1       396       414       415      1312      1313      1314
  538         2         1       396       415       397      1314      1315      1257
  539         2         1       397       415       416      1315      1316      1317
  540         2         1       397       416       398      1317      1318      1260
  541         2         1       398       416       417      1318      1319      1320
  542         2         1       398       417       399      1320      1321      1263
  543         2         1       399       417       418      1321      1322      1323
  544         2         1       399       418       400      1323      1324      1266
  545         2         1       400       418       419      1324      1325      1326
  546         2         1       400       419       401      1326      1327      1269
  547         2         1       401       419       420      1327      1328      1329
  548         2         1       401       420       402      1329      1330      1272
  549         2         1       402       420       421      1330      1331      1332
  550         2         1       402       421       403      1332      1333      1275
  551         2         1       403       421       422      1333      1334      1335
  552         2         1       403       422       404      1335      1336      1278
  553         2         1       404       422       423      1336      1337      1338
  554         2         1       404       423       405      1338      1339      1281
  555         2         1       405       423       424      1339      1340      1341
  556         2         1       405       424       406      1341      1342      1284
  557         2         1       406       424       425      1342      1343      1344
  558         2         1       406       425        88      1344      1345      1287
  559         2         1        88       425        87      1345      1346       107
  560         2         1        17        18       407        37      1347      1289
  561         2         1       407        18       426      1347      1348      1349
  562         2         1       407       426       408      1349      1350      1292
  563         2         1       408       426       427      1350      1351      1352
  564         2         1       408       427       409      1352      1353      1295
  565         2         1       409       427       428      1353      1354      1355
  566         2         1       409       428       410      1355      1356      1298
  567         2         1       410       428       429      1356      1357      1358
  568         2         1       410       429       411      1358      1359      1301
  569         2         1       411       429       430      1359      1360      1361
  570         2         1       411       430       412      1361      1362      1304
  571         2         1       412       430       431      1362      1363      1364
  572         2         1       412       431       413      1364      1365      1307
  573         2         1       413       431       432      1365      1366      1367
  574         2         1       413       432       414      1367      1368      1310
  575         2         1       414       432       433      1368      1369      1370
  576         2         1       414       433       415      1370      1371      1313
  577         2         1       415       433       434      1371      1372      1373
  578         2         1       415       434       416      1373      1374      1316
  579         2         1       416       434       435      1374      1375      1376
  580         2         1       416       435       417      1376      1377      1319
  581         2         1       417       435       436      1377      1378      1379
  582         2         1       417       436       418      1379      1380      1322
  583         2         1       418       436       437      1380      1381      1382
  584         2         1       418       437       419      1382      1383      1325
  585         2         1       419       437       438      1383      1384      1385
  586         2         1       419       438       420      1385      1386      1328
  587         2         1       420       438       439      1386      1387      1388
  588         2         1       420       439       421      1388      1389      1331
  589         2         1       421       439       440      1389      1390      1391
  590         2         1       421       440       422      1391      1392      1334
  591         2         1       422       440       441      1392      1393      1394
  592         2         1       422       441       423      1394      1395      1337
  593         2         1       423       441       442      1395      1396      1397
  594         2         1       423       442       424      1397      1398      1340
  595         2         1       424       442       443      1398      1399      1400
  596         2         1       424       443       425      1400      1401      1343
  597         2         1       425       443       444      1401      1402      1403
  598         2         1       425       444        87      1403      1404      1346
  599         2         1        87       444        86      1404      1405       106
  600         2         1        18        19       426        38      1406      1348
  601         2         1       426        19       445      1406      1407      1408
  602         2         1       426       445       427      1408      1409      1351
  603         2         1       427       445       446      1409      1410      1411
  604         2         1       427       446       428      1411      1412      1354
  605         2         1       428       446       447      1412      1413      1414
  606         2         1       428       447       429      1414      1415      1357
  607         2         1       429       447       448      1415      1416      1417
  608         2         1       429       448       430      1417      1418      1360
  609         2         1       430       448       449      1418      1419      1420
  610         2         1       430       449       431      1420      1421      1363
  611         2         1       431       449       450      1421      1422      1423
  612         2         1       431       450       432      1423      1424      1366
  613         2         1       432       450       451      1424      1425      1426
  614         2         1       432       451       433      1426      1427      1369
  615         2         1       433       451       452      1427      1428      1429
  616         2         1       433       452       434      1429      1430      1372
  617         2         1       434       452       453      1430      1431      1432
  618         2         1       434       453       435      1432      1433      1375
  619         2         1       435       453       454      1433      1434      1435
  620         2         1       435       454       436      1435      1436      1378
  621         2         1       436       454       455      1436      1437      1438
  622         2         1       436       455       437      1438      1439      1381
  623         2         1       437       455       456      1439      1440      1441
  624         2         1       437       456       438      1441      1442      1384
  625         2         1       438       456       457      1442      1443      1444
  626         2         1       438       457       439      1444      1445      1387
  627         2         1       439       457       458      1445      1446      1447
  628         2         1       439       458       440      1447      1448      1390
  629         2         1       440       458       459      1448      1449      1450
  630         2         1       440       459       441      1450      1451      1393
  631         2         1       441       459       460      1451      1452      1453
  632         2         1       441       460       442      1453      1454      1396
  633         2         1       442       460       461      1454      1455      1456
  634         2         1       442       461       443      1456      1457      1399
  635         2         1       443       461       462      1457      1458      1459
  636         2         1       443       462       444      1459      1460      1402
  637         2         1       444       462       463      1460      1461      1462
  638         2         1       444       463        86      1462      1463      1405
  639         2         1        86       463        85      1463      1464       105
  640         2         1        19        20       445        39      1465      1407
  641         2         1       445        20       464      1465      1466      1467
  642         2         1       445       464       446      1467      1468      1410
  643         2         1       446       464       465      1468      1469      1470
  644         2         1       446       465       447      1470      1471      1413
  645         2         1       447       465       466      1471      1472      1473
  646         2         1       447       466       448      1473      1474      1416
  647         2         1       448       466       467      1474      1475      1476
  648         2         1       448       467       449      1476      1477      1419
  649         2         1       449       467       468      1477      1478      1479
  650         2         1       449       468       450      1479      1480      1422
  651         2         1       450       468       469      1480      1481      1482
  652         2         1       450       469       451      1482      1483      1425
  653         2         1       451       469       470      1483      1484      1485
  654         2         1       451       470       452      1485      1486      1428
  655         2         1       452       470       471      1486      1487      1488
  656         2         1       452       471       453      1488      1489      1431
  657         2         1       453       471       472      1489      1490      1491
  658         2         1       453       472       454      1491      1492      1434
  659         2         1       454       472       473      1492      1493      1494
  660         2         1       454       473       455      1494      1495      1437
  661         2         1       455       473       474      1495      1496      1497
  662         2         1       455       474       456      1497      1498      1440
  663         2         1       456       474       475      1498      1499      1500
  664         2         1       456       475       457      1500      1501      1443
  665         2         1       457       475       476      1501      1502      1503
  666         2         1       457       476       458      1503      1504      1446
  667         2         1       458       476       477      1504      1505      1506
  668         2         1       458       477       459      1506      1507      1449
  669         2         1       459       477       478      1507      1508      1509
  670         2         1       459       478       460      1509      1510      1452
  671         2         1       460       478       479      1510      1511      1512
  672         2         1       460       479       461      1512      1513      1455
  673         2         1       461       479       480      1513      1514      1515
  674         2         1       461       480       462      1515      1516      1458
  675         2         1       462       480       481      1516      1517      1518
  676         2         1       462       481       463      1518      1519      1461
  677         2         1       463       481       482      1519      1520      1521
  678         2         1       463       482        85      1521      1522      1464
  679         2         1        85       482        84      1522      1523       104
  680         2         1        20        21       464        40      1524      1466
  681         2         1       464        21       483      1524      1525      1526
  682         2         1       464       483       465      1526      1527      1469
  683         2         1       465       483       484      1527      1528      1529
  684         2         1       465       484       466      1529      1530      1472
  685         2         1       466       484       485      1530      1531      1532
  686         2         1       466       485       467      1532      1533      1475
  687         2         1       467       485       486      1533      1534      1535
  688         2         1       467       486       468      1535      1536      1478
  689         2         1       468       486       487      1536      1537      1538
  690         2         1       468       487       469      1538      1539      1481
  691         2         1       469       487       488      1539      1540      1541
  692         2         1       469       488       470      1541      1542      1484
  693         2         1       470       488       489      1542      1543      1544
  694         2         1       470       489       471      1544      1545      1487
  695         2         1       471       489       490      1545      1546      1547
  696         2         1       471       490       472      1547      1548      1490
  697         2         1       472       490       491      1548      1549      1550
  698         2         1       472       491       473      1550      1551      1493
  699         2         1       473       491       492      1551      1552      1553
  700         2         1       473       492       474      1553      1554      1496
  701         2         1       474       492       493      1554      1555      1556
  702         2         1       474       493       475      1556      1557      1499
  703         2         1       475       493       494      1557      1558      1559
  704         2         1       475       494       476      1559      1560      1502
  705         2         1       476       494       495      1560      1561      1562
  706         2         1       476       495       477      1562      1563      1505
  707         2         1       477       495       496      1563      1564      1565
  708         2         1       477       496       478      1565      1566      1508
  709         2         1       478       496       497      1566      1567      1568
  710         2         1       478       497       479      1568      1569      1511
  711         2         1       479       497       498      1569      1570      1571
  712         2         1       479       498       480      1571      1572      1514
  713         2         1       480       498       499      1572      1573      1574
  714         2         1       480       499       481      1574      1575      1517
  715         2         1       481       499       500      1575      1576      1577
  716         2         1       481       500       482      1577      1578      1520
  717         2         1       482       500       501      1578      1579      1580
  718         2         1       482       501        84      1580      1581      1523
  719         2         1        84       501        83      1581      1582       103
  720         2         1        21        22       483        41      1583      1525
  721         2         1       483        22       502      1583      1584      1585
  722         2         1       483       502       484      1585      1586      1528
  723         2         1       484       502       503      1586      1587      1588
  724         2         1       484       503       485      1588      1589      1531
  725         2         1       485       503       504      1589      1590      1591
  726         2         1       485       504       486      1591      1592      1534
  727         2         1       486       504       505      1592      1593      1594
  728         2         1       486       505       487      1594      1595      1537
  729         2         1       487       505       506      1595      1596      1597
  730         2         1       487       506       488      1597      1598      1540
  731         2         1       488       506       507      1598      1599      1600
  732         2         1       488       507       489      1600      1601      1543
  733         2         1       489       507       508      1601      1602      1603
  734         2         1       489       508       490      1603      1604      1546
  735         2         1       490       508       509      1604      1605      1606
  736         2         1       490       509       491      1606      1607      1549
  737         2         1       491       509       510      1607      1608      1609
  738         2         1       491       510       492      1609      1610      1552
  739         2         1       492       510       511      1610      1611      1612
  740         2         1       492       511       493      1612      1613      1555
  741         2         1       493       511       512      1613      1614      1615
  742         2         1       493       512       494      1615      1616      1558
  743         2         1       494       512       513      1616      1617      1618
  744         2         1       494       513       495      1618      1619      1561
  745         2         1       495       513       514      1619      1620      1621
  746         2         1       495       514       496      1621      1622      1564
  747         2         1       496       514       515      1622      1623      1624
  748         2         1       496       515       497      1624      1625      1567
  749         2         1       497       515       516      1625      1626      1627
  750         2         1       497       516       498      1627      1628      1570
  751         2         1       498       516       517      1628      1629      1630
  752         2         1       498       517       499      1630      1631      1573
  753         2         1       499       517       518      1631      1632      1633
  754         2         1       499       518       500      1633      1634      1576
  755         2         1       500       518       519      1634      1635      1636
  756         2         1       500       519       501      1636      1637      1579
  757         2         1       501       519       520      1637      1638      1639
  758         2         1       501       520        83      1639      1640      1582
  759         2         1        83       520        82      1640      1641       102
  760         2         1        22         1       502        42      1642      1584
  761         2         1       502         1        43      1642        62      1643
  762         2         1       502        43       503      1643      1644      1587
  763         2         1       503        43        44      1644        63      1645
  764         2         1       503        44       504      1645      1646      1590
  765         2         1       504        44        45      1646        64      1647
  766         2         1       504        45       505      1647      1648      1593
  767         2         1       505        45        46      1648        65      1649
  768         2         1       505        46       506      1649      1650      1596
  769         2         1       506        46        47      1650        66      1651
  770         2         1       506        47       507      1651      1652      1599
  771         2         1       507        47        48      1652        67      1653
  772         2         1       507        48       508      1653      1654      1602
  773         2         1       508        48        49      1654        68      1655
  774         2         1       508        49       509      1655      1656      1605
  775         2         1       509        49        50      1656        69      1657
  776         2         1       509        50       510      1657      1658      1608
  777         2         1       510        50        51      1658        70      1659
  778         2         1       510        51       511      1659      1660      1611
  779         2         1       511        51        52      1660        71      1661
  780         2         1       511        52       512      1661      1662      1614
  781         2         1       512        52        53      1662        72      1663
  782         2         1       512        53       513      1663      1664      1617
  783         2         1       513        53        54      1664        73      1665
  784         2         1       513        54       514      1665      1666      1620
  785         2         1       514        54        55      1666        74      1667
  786         2         1       514        55       515      1667      1668      1623
  787         2         1       515        55        56      1668        75      1669
  788         2         1       515        56       516      1669      1670      1626
  789         2         1       516        56        57      1670        76      1671
  790         2         1       516        57       517      1671      1672      1629
  791         2         1       517        57        58      1672        77      1673
  792         2         1       517        58       518      1673      1674      1632
  793         2         1       518        58        59      1674        78      1675
  794         2         1       518        59       519      1675      1676      1635
  795         2         1       519        59        60      1676        79      1677
  796         2         1       519        60       520      1677      1678      1638
  797         2         1       520        60        61      1678        80      1679
  798         2         1       520        61        82      1679      1680      1641
  799         2         1        82        61         2      1680        81       101
