 2   0.0   3.65
 3   0.0   3.65
82   0.0   7.3
83   0.0   7.3
84   0.0   7.3
85   0.0   7.3
86   0.0   7.3
87   0.0   7.3
88   0.0   7.3
89   0.0   7.3
90   0.0   7.3
91   0.0   7.3
92   0.0   7.3
93   0.0   7.3
94   0.0   7.3
95   0.0   7.3
96   0.0   7.3
97   0.0   7.3
98   0.0   7.3
99   0.0   7.3
100  0.0   7.3
101  0.0   7.3
102  0.0   7.3
103  0.0   7.3
104  0.0   7.3
105  0.0   7.3
106  0.0   7.3
107  0.0   7.3
108  0.0   7.3
109  0.0   7.3
110  0.0   7.3
111  0.0   7.3
112  0.0   7.3
113  0.0   7.3
114  0.0   7.3
115  0.0   7.3
116  0.0   7.3
117  0.0   7.3
118  0.0   7.3
119  0.0   7.3
120  0.0   7.3