    0       0.0000       0.0000         0        -1
    1       2.0000       0.0000         0        -1
    2       2.0000       2.0000         0         0
    3       0.0000       2.0000         0         0
    4       0.1000       0.0000         0        -1
    5       0.2000       0.0000         0        -1
    6       0.3000       0.0000         0        -1
    7       0.4000       0.0000         0        -1
    8       0.5000       0.0000         0        -1
    9       0.6000       0.0000         0        -1
   10       0.7000       0.0000         0        -1
   11       0.8000       0.0000         0        -1
   12       0.9000       0.0000         0        -1
   13       1.0000       0.0000        -1        -1
   14       1.1000       0.0000         0        -1
   15       1.2000       0.0000         0        -1
   16       1.3000       0.0000         0        -1
   17       1.4000       0.0000         0        -1
   18       1.5000       0.0000         0        -1
   19       1.6000       0.0000         0        -1
   20       1.7000       0.0000         0        -1
   21       1.8000       0.0000         0        -1
   22       1.9000       0.0000         0        -1
   23       0.0500       0.0000         0        -1
   24       0.1500       0.0000         0        -1
   25       0.2500       0.0000         0        -1
   26       0.3500       0.0000         0        -1
   27       0.4500       0.0000         0        -1
   28       0.5500       0.0000         0        -1
   29       0.6500       0.0000         0        -1
   30       0.7500       0.0000         0        -1
   31       0.8500       0.0000         0        -1
   32       0.9500       0.0000         0        -1
   33       1.0500       0.0000         0        -1
   34       1.1500       0.0000         0        -1
   35       1.2500       0.0000         0        -1
   36       1.3500       0.0000         0        -1
   37       1.4500       0.0000         0        -1
   38       1.5500       0.0000         0        -1
   39       1.6500       0.0000         0        -1
   40       1.7500       0.0000         0        -1
   41       1.8500       0.0000         0        -1
   42       1.9500       0.0000         0        -1
   43       2.0000       0.1000         0         0
   44       2.0000       0.2000         0         0
   45       2.0000       0.3000         0         0
   46       2.0000       0.4000         0         0
   47       2.0000       0.5000         0         0
   48       2.0000       0.6000         0         0
   49       2.0000       0.7000         0         0
   50       2.0000       0.8000         0         0
   51       2.0000       0.9000         0         0
   52       2.0000       1.0000         0         0
   53       2.0000       1.1000         0         0
   54       2.0000       1.2000         0         0
   55       2.0000       1.3000         0         0
   56       2.0000       1.4000         0         0
   57       2.0000       1.5000         0         0
   58       2.0000       1.6000         0         0
   59       2.0000       1.7000         0         0
   60       2.0000       1.8000         0         0
   61       2.0000       1.9000         0         0
   62       2.0000       0.0500         0         0
   63       2.0000       0.1500         0         0
   64       2.0000       0.2500         0         0
   65       2.0000       0.3500         0         0
   66       2.0000       0.4500         0         0
   67       2.0000       0.5500         0         0
   68       2.0000       0.6500         0         0
   69       2.0000       0.7500         0         0
   70       2.0000       0.8500         0         0
   71       2.0000       0.9500         0         0
   72       2.0000       1.0500         0         0
   73       2.0000       1.1500         0         0
   74       2.0000       1.2500         0         0
   75       2.0000       1.3500         0         0
   76       2.0000       1.4500         0         0
   77       2.0000       1.5500         0         0
   78       2.0000       1.6500         0         0
   79       2.0000       1.7500         0         0
   80       2.0000       1.8500         0         0
   81       2.0000       1.9500         0         0
   82       1.9000       2.0000         0         0
   83       1.8000       2.0000         0         0
   84       1.7000       2.0000         0         0
   85       1.6000       2.0000         0         0
   86       1.5000       2.0000         0         0
   87       1.4000       2.0000         0         0
   88       1.3000       2.0000         0         0
   89       1.2000       2.0000         0         0
   90       1.1000       2.0000         0         0
   91       1.0000       2.0000         0         0
   92       0.9000       2.0000         0         0
   93       0.8000       2.0000         0         0
   94       0.7000       2.0000         0         0
   95       0.6000       2.0000         0         0
   96       0.5000       2.0000         0         0
   97       0.4000       2.0000         0         0
   98       0.3000       2.0000         0         0
   99       0.2000       2.0000         0         0
  100       0.1000       2.0000         0         0
  101       1.9500       2.0000         0         0
  102       1.8500       2.0000         0         0
  103       1.7500       2.0000         0         0
  104       1.6500       2.0000         0         0
  105       1.5500       2.0000         0         0
  106       1.4500       2.0000         0         0
  107       1.3500       2.0000         0         0
  108       1.2500       2.0000         0         0
  109       1.1500       2.0000         0         0
  110       1.0500       2.0000         0         0
  111       0.9500       2.0000         0         0
  112       0.8500       2.0000         0         0
  113       0.7500       2.0000         0         0
  114       0.6500       2.0000         0         0
  115       0.5500       2.0000         0         0
  116       0.4500       2.0000         0         0
  117       0.3500       2.0000         0         0
  118       0.2500       2.0000         0         0
  119       0.1500       2.0000         0         0
  120       0.0500       2.0000         0         0
  121       0.0000       1.9000         0         0
  122       0.0000       1.8000         0         0
  123       0.0000       1.7000         0         0
  124       0.0000       1.6000         0         0
  125       0.0000       1.5000         0         0
  126       0.0000       1.4000         0         0
  127       0.0000       1.3000         0         0
  128       0.0000       1.2000         0         0
  129       0.0000       1.1000         0         0
  130       0.0000       1.0000         0         0
  131       0.0000       0.9000         0         0
  132       0.0000       0.8000         0         0
  133       0.0000       0.7000         0         0
  134       0.0000       0.6000         0         0
  135       0.0000       0.5000         0         0
  136       0.0000       0.4000         0         0
  137       0.0000       0.3000         0         0
  138       0.0000       0.2000         0         0
  139       0.0000       0.1000         0         0
  140       0.0000       1.9500         0         0
  141       0.0000       1.8500         0         0
  142       0.0000       1.7500         0         0
  143       0.0000       1.6500         0         0
  144       0.0000       1.5500         0         0
  145       0.0000       1.4500         0         0
  146       0.0000       1.3500         0         0
  147       0.0000       1.2500         0         0
  148       0.0000       1.1500         0         0
  149       0.0000       1.0500         0         0
  150       0.0000       0.9500         0         0
  151       0.0000       0.8500         0         0
  152       0.0000       0.7500         0         0
  153       0.0000       0.6500         0         0
  154       0.0000       0.5500         0         0
  155       0.0000       0.4500         0         0
  156       0.0000       0.3500         0         0
  157       0.0000       0.2500         0         0
  158       0.0000       0.1500         0         0
  159       0.0000       0.0500         0         0
  160       0.1000       0.1000         0         0
  161       0.1000       0.2000         0         0
  162       0.1000       0.3000         0         0
  163       0.1000       0.4000         0         0
  164       0.1000       0.5000         0         0
  165       0.1000       0.6000         0         0
  166       0.1000       0.7000         0         0
  167       0.1000       0.8000         0         0
  168       0.1000       0.9000         0         0
  169       0.1000       1.0000         0         0
  170       0.1000       1.1000         0         0
  171       0.1000       1.2000         0         0
  172       0.1000       1.3000         0         0
  173       0.1000       1.4000         0         0
  174       0.1000       1.5000         0         0
  175       0.1000       1.6000         0         0
  176       0.1000       1.7000         0         0
  177       0.1000       1.8000         0         0
  178       0.1000       1.9000         0         0
  179       0.2000       0.1000         0         0
  180       0.2000       0.2000         0         0
  181       0.2000       0.3000         0         0
  182       0.2000       0.4000         0         0
  183       0.2000       0.5000         0         0
  184       0.2000       0.6000         0         0
  185       0.2000       0.7000         0         0
  186       0.2000       0.8000         0         0
  187       0.2000       0.9000         0         0
  188       0.2000       1.0000         0         0
  189       0.2000       1.1000         0         0
  190       0.2000       1.2000         0         0
  191       0.2000       1.3000         0         0
  192       0.2000       1.4000         0         0
  193       0.2000       1.5000         0         0
  194       0.2000       1.6000         0         0
  195       0.2000       1.7000         0         0
  196       0.2000       1.8000         0         0
  197       0.2000       1.9000         0         0
  198       0.3000       0.1000         0         0
  199       0.3000       0.2000         0         0
  200       0.3000       0.3000         0         0
  201       0.3000       0.4000         0         0
  202       0.3000       0.5000         0         0
  203       0.3000       0.6000         0         0
  204       0.3000       0.7000         0         0
  205       0.3000       0.8000         0         0
  206       0.3000       0.9000         0         0
  207       0.3000       1.0000         0         0
  208       0.3000       1.1000         0         0
  209       0.3000       1.2000         0         0
  210       0.3000       1.3000         0         0
  211       0.3000       1.4000         0         0
  212       0.3000       1.5000         0         0
  213       0.3000       1.6000         0         0
  214       0.3000       1.7000         0         0
  215       0.3000       1.8000         0         0
  216       0.3000       1.9000         0         0
  217       0.4000       0.1000         0         0
  218       0.4000       0.2000         0         0
  219       0.4000       0.3000         0         0
  220       0.4000       0.4000         0         0
  221       0.4000       0.5000         0         0
  222       0.4000       0.6000         0         0
  223       0.4000       0.7000         0         0
  224       0.4000       0.8000         0         0
  225       0.4000       0.9000         0         0
  226       0.4000       1.0000         0         0
  227       0.4000       1.1000         0         0
  228       0.4000       1.2000         0         0
  229       0.4000       1.3000         0         0
  230       0.4000       1.4000         0         0
  231       0.4000       1.5000         0         0
  232       0.4000       1.6000         0         0
  233       0.4000       1.7000         0         0
  234       0.4000       1.8000         0         0
  235       0.4000       1.9000         0         0
  236       0.5000       0.1000         0         0
  237       0.5000       0.2000         0         0
  238       0.5000       0.3000         0         0
  239       0.5000       0.4000         0         0
  240       0.5000       0.5000         0         0
  241       0.5000       0.6000         0         0
  242       0.5000       0.7000         0         0
  243       0.5000       0.8000         0         0
  244       0.5000       0.9000         0         0
  245       0.5000       1.0000         0         0
  246       0.5000       1.1000         0         0
  247       0.5000       1.2000         0         0
  248       0.5000       1.3000         0         0
  249       0.5000       1.4000         0         0
  250       0.5000       1.5000         0         0
  251       0.5000       1.6000         0         0
  252       0.5000       1.7000         0         0
  253       0.5000       1.8000         0         0
  254       0.5000       1.9000         0         0
  255       0.6000       0.1000         0         0
  256       0.6000       0.2000         0         0
  257       0.6000       0.3000         0         0
  258       0.6000       0.4000         0         0
  259       0.6000       0.5000         0         0
  260       0.6000       0.6000         0         0
  261       0.6000       0.7000         0         0
  262       0.6000       0.8000         0         0
  263       0.6000       0.9000         0         0
  264       0.6000       1.0000         0         0
  265       0.6000       1.1000         0         0
  266       0.6000       1.2000         0         0
  267       0.6000       1.3000         0         0
  268       0.6000       1.4000         0         0
  269       0.6000       1.5000         0         0
  270       0.6000       1.6000         0         0
  271       0.6000       1.7000         0         0
  272       0.6000       1.8000         0         0
  273       0.6000       1.9000         0         0
  274       0.7000       0.1000         0         0
  275       0.7000       0.2000         0         0
  276       0.7000       0.3000         0         0
  277       0.7000       0.4000         0         0
  278       0.7000       0.5000         0         0
  279       0.7000       0.6000         0         0
  280       0.7000       0.7000         0         0
  281       0.7000       0.8000         0         0
  282       0.7000       0.9000         0         0
  283       0.7000       1.0000         0         0
  284       0.7000       1.1000         0         0
  285       0.7000       1.2000         0         0
  286       0.7000       1.3000         0         0
  287       0.7000       1.4000         0         0
  288       0.7000       1.5000         0         0
  289       0.7000       1.6000         0         0
  290       0.7000       1.7000         0         0
  291       0.7000       1.8000         0         0
  292       0.7000       1.9000         0         0
  293       0.8000       0.1000         0         0
  294       0.8000       0.2000         0         0
  295       0.8000       0.3000         0         0
  296       0.8000       0.4000         0         0
  297       0.8000       0.5000         0         0
  298       0.8000       0.6000         0         0
  299       0.8000       0.7000         0         0
  300       0.8000       0.8000         0         0
  301       0.8000       0.9000         0         0
  302       0.8000       1.0000         0         0
  303       0.8000       1.1000         0         0
  304       0.8000       1.2000         0         0
  305       0.8000       1.3000         0         0
  306       0.8000       1.4000         0         0
  307       0.8000       1.5000         0         0
  308       0.8000       1.6000         0         0
  309       0.8000       1.7000         0         0
  310       0.8000       1.8000         0         0
  311       0.8000       1.9000         0         0
  312       0.9000       0.1000         0         0
  313       0.9000       0.2000         0         0
  314       0.9000       0.3000         0         0
  315       0.9000       0.4000         0         0
  316       0.9000       0.5000         0         0
  317       0.9000       0.6000         0         0
  318       0.9000       0.7000         0         0
  319       0.9000       0.8000         0         0
  320       0.9000       0.9000         0         0
  321       0.9000       1.0000         0         0
  322       0.9000       1.1000         0         0
  323       0.9000       1.2000         0         0
  324       0.9000       1.3000         0         0
  325       0.9000       1.4000         0         0
  326       0.9000       1.5000         0         0
  327       0.9000       1.6000         0         0
  328       0.9000       1.7000         0         0
  329       0.9000       1.8000         0         0
  330       0.9000       1.9000         0         0
  331       1.0000       0.1000         0         0
  332       1.0000       0.2000         0         0
  333       1.0000       0.3000         0         0
  334       1.0000       0.4000         0         0
  335       1.0000       0.5000         0         0
  336       1.0000       0.6000         0         0
  337       1.0000       0.7000         0         0
  338       1.0000       0.8000         0         0
  339       1.0000       0.9000         0         0
  340       1.0000       1.0000         0         0
  341       1.0000       1.1000         0         0
  342       1.0000       1.2000         0         0
  343       1.0000       1.3000         0         0
  344       1.0000       1.4000         0         0
  345       1.0000       1.5000         0         0
  346       1.0000       1.6000         0         0
  347       1.0000       1.7000         0         0
  348       1.0000       1.8000         0         0
  349       1.0000       1.9000         0         0
  350       1.1000       0.1000         0         0
  351       1.1000       0.2000         0         0
  352       1.1000       0.3000         0         0
  353       1.1000       0.4000         0         0
  354       1.1000       0.5000         0         0
  355       1.1000       0.6000         0         0
  356       1.1000       0.7000         0         0
  357       1.1000       0.8000         0         0
  358       1.1000       0.9000         0         0
  359       1.1000       1.0000         0         0
  360       1.1000       1.1000         0         0
  361       1.1000       1.2000         0         0
  362       1.1000       1.3000         0         0
  363       1.1000       1.4000         0         0
  364       1.1000       1.5000         0         0
  365       1.1000       1.6000         0         0
  366       1.1000       1.7000         0         0
  367       1.1000       1.8000         0         0
  368       1.1000       1.9000         0         0
  369       1.2000       0.1000         0         0
  370       1.2000       0.2000         0         0
  371       1.2000       0.3000         0         0
  372       1.2000       0.4000         0         0
  373       1.2000       0.5000         0         0
  374       1.2000       0.6000         0         0
  375       1.2000       0.7000         0         0
  376       1.2000       0.8000         0         0
  377       1.2000       0.9000         0         0
  378       1.2000       1.0000         0         0
  379       1.2000       1.1000         0         0
  380       1.2000       1.2000         0         0
  381       1.2000       1.3000         0         0
  382       1.2000       1.4000         0         0
  383       1.2000       1.5000         0         0
  384       1.2000       1.6000         0         0
  385       1.2000       1.7000         0         0
  386       1.2000       1.8000         0         0
  387       1.2000       1.9000         0         0
  388       1.3000       0.1000         0         0
  389       1.3000       0.2000         0         0
  390       1.3000       0.3000         0         0
  391       1.3000       0.4000         0         0
  392       1.3000       0.5000         0         0
  393       1.3000       0.6000         0         0
  394       1.3000       0.7000         0         0
  395       1.3000       0.8000         0         0
  396       1.3000       0.9000         0         0
  397       1.3000       1.0000         0         0
  398       1.3000       1.1000         0         0
  399       1.3000       1.2000         0         0
  400       1.3000       1.3000         0         0
  401       1.3000       1.4000         0         0
  402       1.3000       1.5000         0         0
  403       1.3000       1.6000         0         0
  404       1.3000       1.7000         0         0
  405       1.3000       1.8000         0         0
  406       1.3000       1.9000         0         0
  407       1.4000       0.1000         0         0
  408       1.4000       0.2000         0         0
  409       1.4000       0.3000         0         0
  410       1.4000       0.4000         0         0
  411       1.4000       0.5000         0         0
  412       1.4000       0.6000         0         0
  413       1.4000       0.7000         0         0
  414       1.4000       0.8000         0         0
  415       1.4000       0.9000         0         0
  416       1.4000       1.0000         0         0
  417       1.4000       1.1000         0         0
  418       1.4000       1.2000         0         0
  419       1.4000       1.3000         0         0
  420       1.4000       1.4000         0         0
  421       1.4000       1.5000         0         0
  422       1.4000       1.6000         0         0
  423       1.4000       1.7000         0         0
  424       1.4000       1.8000         0         0
  425       1.4000       1.9000         0         0
  426       1.5000       0.1000         0         0
  427       1.5000       0.2000         0         0
  428       1.5000       0.3000         0         0
  429       1.5000       0.4000         0         0
  430       1.5000       0.5000         0         0
  431       1.5000       0.6000         0         0
  432       1.5000       0.7000         0         0
  433       1.5000       0.8000         0         0
  434       1.5000       0.9000         0         0
  435       1.5000       1.0000         0         0
  436       1.5000       1.1000         0         0
  437       1.5000       1.2000         0         0
  438       1.5000       1.3000         0         0
  439       1.5000       1.4000         0         0
  440       1.5000       1.5000         0         0
  441       1.5000       1.6000         0         0
  442       1.5000       1.7000         0         0
  443       1.5000       1.8000         0         0
  444       1.5000       1.9000         0         0
  445       1.6000       0.1000         0         0
  446       1.6000       0.2000         0         0
  447       1.6000       0.3000         0         0
  448       1.6000       0.4000         0         0
  449       1.6000       0.5000         0         0
  450       1.6000       0.6000         0         0
  451       1.6000       0.7000         0         0
  452       1.6000       0.8000         0         0
  453       1.6000       0.9000         0         0
  454       1.6000       1.0000         0         0
  455       1.6000       1.1000         0         0
  456       1.6000       1.2000         0         0
  457       1.6000       1.3000         0         0
  458       1.6000       1.4000         0         0
  459       1.6000       1.5000         0         0
  460       1.6000       1.6000         0         0
  461       1.6000       1.7000         0         0
  462       1.6000       1.8000         0         0
  463       1.6000       1.9000         0         0
  464       1.7000       0.1000         0         0
  465       1.7000       0.2000         0         0
  466       1.7000       0.3000         0         0
  467       1.7000       0.4000         0         0
  468       1.7000       0.5000         0         0
  469       1.7000       0.6000         0         0
  470       1.7000       0.7000         0         0
  471       1.7000       0.8000         0         0
  472       1.7000       0.9000         0         0
  473       1.7000       1.0000         0         0
  474       1.7000       1.1000         0         0
  475       1.7000       1.2000         0         0
  476       1.7000       1.3000         0         0
  477       1.7000       1.4000         0         0
  478       1.7000       1.5000         0         0
  479       1.7000       1.6000         0         0
  480       1.7000       1.7000         0         0
  481       1.7000       1.8000         0         0
  482       1.7000       1.9000         0         0
  483       1.8000       0.1000         0         0
  484       1.8000       0.2000         0         0
  485       1.8000       0.3000         0         0
  486       1.8000       0.4000         0         0
  487       1.8000       0.5000         0         0
  488       1.8000       0.6000         0         0
  489       1.8000       0.7000         0         0
  490       1.8000       0.8000         0         0
  491       1.8000       0.9000         0         0
  492       1.8000       1.0000         0         0
  493       1.8000       1.1000         0         0
  494       1.8000       1.2000         0         0
  495       1.8000       1.3000         0         0
  496       1.8000       1.4000         0         0
  497       1.8000       1.5000         0         0
  498       1.8000       1.6000         0         0
  499       1.8000       1.7000         0         0
  500       1.8000       1.8000         0         0
  501       1.8000       1.9000         0         0
  502       1.9000       0.1000         0         0
  503       1.9000       0.2000         0         0
  504       1.9000       0.3000         0         0
  505       1.9000       0.4000         0         0
  506       1.9000       0.5000         0         0
  507       1.9000       0.6000         0         0
  508       1.9000       0.7000         0         0
  509       1.9000       0.8000         0         0
  510       1.9000       0.9000         0         0
  511       1.9000       1.0000         0         0
  512       1.9000       1.1000         0         0
  513       1.9000       1.2000         0         0
  514       1.9000       1.3000         0         0
  515       1.9000       1.4000         0         0
  516       1.9000       1.5000         0         0
  517       1.9000       1.6000         0         0
  518       1.9000       1.7000         0         0
  519       1.9000       1.8000         0         0
  520       1.9000       1.9000         0         0
  521       0.0500       0.0500         0         0
  522       0.1000       0.0500         0         0
  523       0.0500       0.1000         0         0
  524       0.0500       0.1500         0         0
  525       0.1000       0.1500         0         0
  526       0.0500       0.2000         0         0
  527       0.0500       0.2500         0         0
  528       0.1000       0.2500         0         0
  529       0.0500       0.3000         0         0
  530       0.0500       0.3500         0         0
  531       0.1000       0.3500         0         0
  532       0.0500       0.4000         0         0
  533       0.0500       0.4500         0         0
  534       0.1000       0.4500         0         0
  535       0.0500       0.5000         0         0
  536       0.0500       0.5500         0         0
  537       0.1000       0.5500         0         0
  538       0.0500       0.6000         0         0
  539       0.0500       0.6500         0         0
  540       0.1000       0.6500         0         0
  541       0.0500       0.7000         0         0
  542       0.0500       0.7500         0         0
  543       0.1000       0.7500         0         0
  544       0.0500       0.8000         0         0
  545       0.0500       0.8500         0         0
  546       0.1000       0.8500         0         0
  547       0.0500       0.9000         0         0
  548       0.0500       0.9500         0         0
  549       0.1000       0.9500         0         0
  550       0.0500       1.0000         0         0
  551       0.0500       1.0500         0         0
  552       0.1000       1.0500         0         0
  553       0.0500       1.1000         0         0
  554       0.0500       1.1500         0         0
  555       0.1000       1.1500         0         0
  556       0.0500       1.2000         0         0
  557       0.0500       1.2500         0         0
  558       0.1000       1.2500         0         0
  559       0.0500       1.3000         0         0
  560       0.0500       1.3500         0         0
  561       0.1000       1.3500         0         0
  562       0.0500       1.4000         0         0
  563       0.0500       1.4500         0         0
  564       0.1000       1.4500         0         0
  565       0.0500       1.5000         0         0
  566       0.0500       1.5500         0         0
  567       0.1000       1.5500         0         0
  568       0.0500       1.6000         0         0
  569       0.0500       1.6500         0         0
  570       0.1000       1.6500         0         0
  571       0.0500       1.7000         0         0
  572       0.0500       1.7500         0         0
  573       0.1000       1.7500         0         0
  574       0.0500       1.8000         0         0
  575       0.0500       1.8500         0         0
  576       0.1000       1.8500         0         0
  577       0.0500       1.9000         0         0
  578       0.0500       1.9500         0         0
  579       0.1000       1.9500         0         0
  580       0.1500       0.0500         0         0
  581       0.2000       0.0500         0         0
  582       0.1500       0.1000         0         0
  583       0.1500       0.1500         0         0
  584       0.2000       0.1500         0         0
  585       0.1500       0.2000         0         0
  586       0.1500       0.2500         0         0
  587       0.2000       0.2500         0         0
  588       0.1500       0.3000         0         0
  589       0.1500       0.3500         0         0
  590       0.2000       0.3500         0         0
  591       0.1500       0.4000         0         0
  592       0.1500       0.4500         0         0
  593       0.2000       0.4500         0         0
  594       0.1500       0.5000         0         0
  595       0.1500       0.5500         0         0
  596       0.2000       0.5500         0         0
  597       0.1500       0.6000         0         0
  598       0.1500       0.6500         0         0
  599       0.2000       0.6500         0         0
  600       0.1500       0.7000         0         0
  601       0.1500       0.7500         0         0
  602       0.2000       0.7500         0         0
  603       0.1500       0.8000         0         0
  604       0.1500       0.8500         0         0
  605       0.2000       0.8500         0         0
  606       0.1500       0.9000         0         0
  607       0.1500       0.9500         0         0
  608       0.2000       0.9500         0         0
  609       0.1500       1.0000         0         0
  610       0.1500       1.0500         0         0
  611       0.2000       1.0500         0         0
  612       0.1500       1.1000         0         0
  613       0.1500       1.1500         0         0
  614       0.2000       1.1500         0         0
  615       0.1500       1.2000         0         0
  616       0.1500       1.2500         0         0
  617       0.2000       1.2500         0         0
  618       0.1500       1.3000         0         0
  619       0.1500       1.3500         0         0
  620       0.2000       1.3500         0         0
  621       0.1500       1.4000         0         0
  622       0.1500       1.4500         0         0
  623       0.2000       1.4500         0         0
  624       0.1500       1.5000         0         0
  625       0.1500       1.5500         0         0
  626       0.2000       1.5500         0         0
  627       0.1500       1.6000         0         0
  628       0.1500       1.6500         0         0
  629       0.2000       1.6500         0         0
  630       0.1500       1.7000         0         0
  631       0.1500       1.7500         0         0
  632       0.2000       1.7500         0         0
  633       0.1500       1.8000         0         0
  634       0.1500       1.8500         0         0
  635       0.2000       1.8500         0         0
  636       0.1500       1.9000         0         0
  637       0.1500       1.9500         0         0
  638       0.2000       1.9500         0         0
  639       0.2500       0.0500         0         0
  640       0.3000       0.0500         0         0
  641       0.2500       0.1000         0         0
  642       0.2500       0.1500         0         0
  643       0.3000       0.1500         0         0
  644       0.2500       0.2000         0         0
  645       0.2500       0.2500         0         0
  646       0.3000       0.2500         0         0
  647       0.2500       0.3000         0         0
  648       0.2500       0.3500         0         0
  649       0.3000       0.3500         0         0
  650       0.2500       0.4000         0         0
  651       0.2500       0.4500         0         0
  652       0.3000       0.4500         0         0
  653       0.2500       0.5000         0         0
  654       0.2500       0.5500         0         0
  655       0.3000       0.5500         0         0
  656       0.2500       0.6000         0         0
  657       0.2500       0.6500         0         0
  658       0.3000       0.6500         0         0
  659       0.2500       0.7000         0         0
  660       0.2500       0.7500         0         0
  661       0.3000       0.7500         0         0
  662       0.2500       0.8000         0         0
  663       0.2500       0.8500         0         0
  664       0.3000       0.8500         0         0
  665       0.2500       0.9000         0         0
  666       0.2500       0.9500         0         0
  667       0.3000       0.9500         0         0
  668       0.2500       1.0000         0         0
  669       0.2500       1.0500         0         0
  670       0.3000       1.0500         0         0
  671       0.2500       1.1000         0         0
  672       0.2500       1.1500         0         0
  673       0.3000       1.1500         0         0
  674       0.2500       1.2000         0         0
  675       0.2500       1.2500         0         0
  676       0.3000       1.2500         0         0
  677       0.2500       1.3000         0         0
  678       0.2500       1.3500         0         0
  679       0.3000       1.3500         0         0
  680       0.2500       1.4000         0         0
  681       0.2500       1.4500         0         0
  682       0.3000       1.4500         0         0
  683       0.2500       1.5000         0         0
  684       0.2500       1.5500         0         0
  685       0.3000       1.5500         0         0
  686       0.2500       1.6000         0         0
  687       0.2500       1.6500         0         0
  688       0.3000       1.6500         0         0
  689       0.2500       1.7000         0         0
  690       0.2500       1.7500         0         0
  691       0.3000       1.7500         0         0
  692       0.2500       1.8000         0         0
  693       0.2500       1.8500         0         0
  694       0.3000       1.8500         0         0
  695       0.2500       1.9000         0         0
  696       0.2500       1.9500         0         0
  697       0.3000       1.9500         0         0
  698       0.3500       0.0500         0         0
  699       0.4000       0.0500         0         0
  700       0.3500       0.1000         0         0
  701       0.3500       0.1500         0         0
  702       0.4000       0.1500         0         0
  703       0.3500       0.2000         0         0
  704       0.3500       0.2500         0         0
  705       0.4000       0.2500         0         0
  706       0.3500       0.3000         0         0
  707       0.3500       0.3500         0         0
  708       0.4000       0.3500         0         0
  709       0.3500       0.4000         0         0
  710       0.3500       0.4500         0         0
  711       0.4000       0.4500         0         0
  712       0.3500       0.5000         0         0
  713       0.3500       0.5500         0         0
  714       0.4000       0.5500         0         0
  715       0.3500       0.6000         0         0
  716       0.3500       0.6500         0         0
  717       0.4000       0.6500         0         0
  718       0.3500       0.7000         0         0
  719       0.3500       0.7500         0         0
  720       0.4000       0.7500         0         0
  721       0.3500       0.8000         0         0
  722       0.3500       0.8500         0         0
  723       0.4000       0.8500         0         0
  724       0.3500       0.9000         0         0
  725       0.3500       0.9500         0         0
  726       0.4000       0.9500         0         0
  727       0.3500       1.0000         0         0
  728       0.3500       1.0500         0         0
  729       0.4000       1.0500         0         0
  730       0.3500       1.1000         0         0
  731       0.3500       1.1500         0         0
  732       0.4000       1.1500         0         0
  733       0.3500       1.2000         0         0
  734       0.3500       1.2500         0         0
  735       0.4000       1.2500         0         0
  736       0.3500       1.3000         0         0
  737       0.3500       1.3500         0         0
  738       0.4000       1.3500         0         0
  739       0.3500       1.4000         0         0
  740       0.3500       1.4500         0         0
  741       0.4000       1.4500         0         0
  742       0.3500       1.5000         0         0
  743       0.3500       1.5500         0         0
  744       0.4000       1.5500         0         0
  745       0.3500       1.6000         0         0
  746       0.3500       1.6500         0         0
  747       0.4000       1.6500         0         0
  748       0.3500       1.7000         0         0
  749       0.3500       1.7500         0         0
  750       0.4000       1.7500         0         0
  751       0.3500       1.8000         0         0
  752       0.3500       1.8500         0         0
  753       0.4000       1.8500         0         0
  754       0.3500       1.9000         0         0
  755       0.3500       1.9500         0         0
  756       0.4000       1.9500         0         0
  757       0.4500       0.0500         0         0
  758       0.5000       0.0500         0         0
  759       0.4500       0.1000         0         0
  760       0.4500       0.1500         0         0
  761       0.5000       0.1500         0         0
  762       0.4500       0.2000         0         0
  763       0.4500       0.2500         0         0
  764       0.5000       0.2500         0         0
  765       0.4500       0.3000         0         0
  766       0.4500       0.3500         0         0
  767       0.5000       0.3500         0         0
  768       0.4500       0.4000         0         0
  769       0.4500       0.4500         0         0
  770       0.5000       0.4500         0         0
  771       0.4500       0.5000         0         0
  772       0.4500       0.5500         0         0
  773       0.5000       0.5500         0         0
  774       0.4500       0.6000         0         0
  775       0.4500       0.6500         0         0
  776       0.5000       0.6500         0         0
  777       0.4500       0.7000         0         0
  778       0.4500       0.7500         0         0
  779       0.5000       0.7500         0         0
  780       0.4500       0.8000         0         0
  781       0.4500       0.8500         0         0
  782       0.5000       0.8500         0         0
  783       0.4500       0.9000         0         0
  784       0.4500       0.9500         0         0
  785       0.5000       0.9500         0         0
  786       0.4500       1.0000         0         0
  787       0.4500       1.0500         0         0
  788       0.5000       1.0500         0         0
  789       0.4500       1.1000         0         0
  790       0.4500       1.1500         0         0
  791       0.5000       1.1500         0         0
  792       0.4500       1.2000         0         0
  793       0.4500       1.2500         0         0
  794       0.5000       1.2500         0         0
  795       0.4500       1.3000         0         0
  796       0.4500       1.3500         0         0
  797       0.5000       1.3500         0         0
  798       0.4500       1.4000         0         0
  799       0.4500       1.4500         0         0
  800       0.5000       1.4500         0         0
  801       0.4500       1.5000         0         0
  802       0.4500       1.5500         0         0
  803       0.5000       1.5500         0         0
  804       0.4500       1.6000         0         0
  805       0.4500       1.6500         0         0
  806       0.5000       1.6500         0         0
  807       0.4500       1.7000         0         0
  808       0.4500       1.7500         0         0
  809       0.5000       1.7500         0         0
  810       0.4500       1.8000         0         0
  811       0.4500       1.8500         0         0
  812       0.5000       1.8500         0         0
  813       0.4500       1.9000         0         0
  814       0.4500       1.9500         0         0
  815       0.5000       1.9500         0         0
  816       0.5500       0.0500         0         0
  817       0.6000       0.0500         0         0
  818       0.5500       0.1000         0         0
  819       0.5500       0.1500         0         0
  820       0.6000       0.1500         0         0
  821       0.5500       0.2000         0         0
  822       0.5500       0.2500         0         0
  823       0.6000       0.2500         0         0
  824       0.5500       0.3000         0         0
  825       0.5500       0.3500         0         0
  826       0.6000       0.3500         0         0
  827       0.5500       0.4000         0         0
  828       0.5500       0.4500         0         0
  829       0.6000       0.4500         0         0
  830       0.5500       0.5000         0         0
  831       0.5500       0.5500         0         0
  832       0.6000       0.5500         0         0
  833       0.5500       0.6000         0         0
  834       0.5500       0.6500         0         0
  835       0.6000       0.6500         0         0
  836       0.5500       0.7000         0         0
  837       0.5500       0.7500         0         0
  838       0.6000       0.7500         0         0
  839       0.5500       0.8000         0         0
  840       0.5500       0.8500         0         0
  841       0.6000       0.8500         0         0
  842       0.5500       0.9000         0         0
  843       0.5500       0.9500         0         0
  844       0.6000       0.9500         0         0
  845       0.5500       1.0000         0         0
  846       0.5500       1.0500         0         0
  847       0.6000       1.0500         0         0
  848       0.5500       1.1000         0         0
  849       0.5500       1.1500         0         0
  850       0.6000       1.1500         0         0
  851       0.5500       1.2000         0         0
  852       0.5500       1.2500         0         0
  853       0.6000       1.2500         0         0
  854       0.5500       1.3000         0         0
  855       0.5500       1.3500         0         0
  856       0.6000       1.3500         0         0
  857       0.5500       1.4000         0         0
  858       0.5500       1.4500         0         0
  859       0.6000       1.4500         0         0
  860       0.5500       1.5000         0         0
  861       0.5500       1.5500         0         0
  862       0.6000       1.5500         0         0
  863       0.5500       1.6000         0         0
  864       0.5500       1.6500         0         0
  865       0.6000       1.6500         0         0
  866       0.5500       1.7000         0         0
  867       0.5500       1.7500         0         0
  868       0.6000       1.7500         0         0
  869       0.5500       1.8000         0         0
  870       0.5500       1.8500         0         0
  871       0.6000       1.8500         0         0
  872       0.5500       1.9000         0         0
  873       0.5500       1.9500         0         0
  874       0.6000       1.9500         0         0
  875       0.6500       0.0500         0         0
  876       0.7000       0.0500         0         0
  877       0.6500       0.1000         0         0
  878       0.6500       0.1500         0         0
  879       0.7000       0.1500         0         0
  880       0.6500       0.2000         0         0
  881       0.6500       0.2500         0         0
  882       0.7000       0.2500         0         0
  883       0.6500       0.3000         0         0
  884       0.6500       0.3500         0         0
  885       0.7000       0.3500         0         0
  886       0.6500       0.4000         0         0
  887       0.6500       0.4500         0         0
  888       0.7000       0.4500         0         0
  889       0.6500       0.5000         0         0
  890       0.6500       0.5500         0         0
  891       0.7000       0.5500         0         0
  892       0.6500       0.6000         0         0
  893       0.6500       0.6500         0         0
  894       0.7000       0.6500         0         0
  895       0.6500       0.7000         0         0
  896       0.6500       0.7500         0         0
  897       0.7000       0.7500         0         0
  898       0.6500       0.8000         0         0
  899       0.6500       0.8500         0         0
  900       0.7000       0.8500         0         0
  901       0.6500       0.9000         0         0
  902       0.6500       0.9500         0         0
  903       0.7000       0.9500         0         0
  904       0.6500       1.0000         0         0
  905       0.6500       1.0500         0         0
  906       0.7000       1.0500         0         0
  907       0.6500       1.1000         0         0
  908       0.6500       1.1500         0         0
  909       0.7000       1.1500         0         0
  910       0.6500       1.2000         0         0
  911       0.6500       1.2500         0         0
  912       0.7000       1.2500         0         0
  913       0.6500       1.3000         0         0
  914       0.6500       1.3500         0         0
  915       0.7000       1.3500         0         0
  916       0.6500       1.4000         0         0
  917       0.6500       1.4500         0         0
  918       0.7000       1.4500         0         0
  919       0.6500       1.5000         0         0
  920       0.6500       1.5500         0         0
  921       0.7000       1.5500         0         0
  922       0.6500       1.6000         0         0
  923       0.6500       1.6500         0         0
  924       0.7000       1.6500         0         0
  925       0.6500       1.7000         0         0
  926       0.6500       1.7500         0         0
  927       0.7000       1.7500         0         0
  928       0.6500       1.8000         0         0
  929       0.6500       1.8500         0         0
  930       0.7000       1.8500         0         0
  931       0.6500       1.9000         0         0
  932       0.6500       1.9500         0         0
  933       0.7000       1.9500         0         0
  934       0.7500       0.0500         0         0
  935       0.8000       0.0500         0         0
  936       0.7500       0.1000         0         0
  937       0.7500       0.1500         0         0
  938       0.8000       0.1500         0         0
  939       0.7500       0.2000         0         0
  940       0.7500       0.2500         0         0
  941       0.8000       0.2500         0         0
  942       0.7500       0.3000         0         0
  943       0.7500       0.3500         0         0
  944       0.8000       0.3500         0         0
  945       0.7500       0.4000         0         0
  946       0.7500       0.4500         0         0
  947       0.8000       0.4500         0         0
  948       0.7500       0.5000         0         0
  949       0.7500       0.5500         0         0
  950       0.8000       0.5500         0         0
  951       0.7500       0.6000         0         0
  952       0.7500       0.6500         0         0
  953       0.8000       0.6500         0         0
  954       0.7500       0.7000         0         0
  955       0.7500       0.7500         0         0
  956       0.8000       0.7500         0         0
  957       0.7500       0.8000         0         0
  958       0.7500       0.8500         0         0
  959       0.8000       0.8500         0         0
  960       0.7500       0.9000         0         0
  961       0.7500       0.9500         0         0
  962       0.8000       0.9500         0         0
  963       0.7500       1.0000         0         0
  964       0.7500       1.0500         0         0
  965       0.8000       1.0500         0         0
  966       0.7500       1.1000         0         0
  967       0.7500       1.1500         0         0
  968       0.8000       1.1500         0         0
  969       0.7500       1.2000         0         0
  970       0.7500       1.2500         0         0
  971       0.8000       1.2500         0         0
  972       0.7500       1.3000         0         0
  973       0.7500       1.3500         0         0
  974       0.8000       1.3500         0         0
  975       0.7500       1.4000         0         0
  976       0.7500       1.4500         0         0
  977       0.8000       1.4500         0         0
  978       0.7500       1.5000         0         0
  979       0.7500       1.5500         0         0
  980       0.8000       1.5500         0         0
  981       0.7500       1.6000         0         0
  982       0.7500       1.6500         0         0
  983       0.8000       1.6500         0         0
  984       0.7500       1.7000         0         0
  985       0.7500       1.7500         0         0
  986       0.8000       1.7500         0         0
  987       0.7500       1.8000         0         0
  988       0.7500       1.8500         0         0
  989       0.8000       1.8500         0         0
  990       0.7500       1.9000         0         0
  991       0.7500       1.9500         0         0
  992       0.8000       1.9500         0         0
  993       0.8500       0.0500         0         0
  994       0.9000       0.0500         0         0
  995       0.8500       0.1000         0         0
  996       0.8500       0.1500         0         0
  997       0.9000       0.1500         0         0
  998       0.8500       0.2000         0         0
  999       0.8500       0.2500         0         0
 1000       0.9000       0.2500         0         0
 1001       0.8500       0.3000         0         0
 1002       0.8500       0.3500         0         0
 1003       0.9000       0.3500         0         0
 1004       0.8500       0.4000         0         0
 1005       0.8500       0.4500         0         0
 1006       0.9000       0.4500         0         0
 1007       0.8500       0.5000         0         0
 1008       0.8500       0.5500         0         0
 1009       0.9000       0.5500         0         0
 1010       0.8500       0.6000         0         0
 1011       0.8500       0.6500         0         0
 1012       0.9000       0.6500         0         0
 1013       0.8500       0.7000         0         0
 1014       0.8500       0.7500         0         0
 1015       0.9000       0.7500         0         0
 1016       0.8500       0.8000         0         0
 1017       0.8500       0.8500         0         0
 1018       0.9000       0.8500         0         0
 1019       0.8500       0.9000         0         0
 1020       0.8500       0.9500         0         0
 1021       0.9000       0.9500         0         0
 1022       0.8500       1.0000         0         0
 1023       0.8500       1.0500         0         0
 1024       0.9000       1.0500         0         0
 1025       0.8500       1.1000         0         0
 1026       0.8500       1.1500         0         0
 1027       0.9000       1.1500         0         0
 1028       0.8500       1.2000         0         0
 1029       0.8500       1.2500         0         0
 1030       0.9000       1.2500         0         0
 1031       0.8500       1.3000         0         0
 1032       0.8500       1.3500         0         0
 1033       0.9000       1.3500         0         0
 1034       0.8500       1.4000         0         0
 1035       0.8500       1.4500         0         0
 1036       0.9000       1.4500         0         0
 1037       0.8500       1.5000         0         0
 1038       0.8500       1.5500         0         0
 1039       0.9000       1.5500         0         0
 1040       0.8500       1.6000         0         0
 1041       0.8500       1.6500         0         0
 1042       0.9000       1.6500         0         0
 1043       0.8500       1.7000         0         0
 1044       0.8500       1.7500         0         0
 1045       0.9000       1.7500         0         0
 1046       0.8500       1.8000         0         0
 1047       0.8500       1.8500         0         0
 1048       0.9000       1.8500         0         0
 1049       0.8500       1.9000         0         0
 1050       0.8500       1.9500         0         0
 1051       0.9000       1.9500         0         0
 1052       0.9500       0.0500         0         0
 1053       1.0000       0.0500         0         0
 1054       0.9500       0.1000         0         0
 1055       0.9500       0.1500         0         0
 1056       1.0000       0.1500         0         0
 1057       0.9500       0.2000         0         0
 1058       0.9500       0.2500         0         0
 1059       1.0000       0.2500         0         0
 1060       0.9500       0.3000         0         0
 1061       0.9500       0.3500         0         0
 1062       1.0000       0.3500         0         0
 1063       0.9500       0.4000         0         0
 1064       0.9500       0.4500         0         0
 1065       1.0000       0.4500         0         0
 1066       0.9500       0.5000         0         0
 1067       0.9500       0.5500         0         0
 1068       1.0000       0.5500         0         0
 1069       0.9500       0.6000         0         0
 1070       0.9500       0.6500         0         0
 1071       1.0000       0.6500         0         0
 1072       0.9500       0.7000         0         0
 1073       0.9500       0.7500         0         0
 1074       1.0000       0.7500         0         0
 1075       0.9500       0.8000         0         0
 1076       0.9500       0.8500         0         0
 1077       1.0000       0.8500         0         0
 1078       0.9500       0.9000         0         0
 1079       0.9500       0.9500         0         0
 1080       1.0000       0.9500         0         0
 1081       0.9500       1.0000         0         0
 1082       0.9500       1.0500         0         0
 1083       1.0000       1.0500         0         0
 1084       0.9500       1.1000         0         0
 1085       0.9500       1.1500         0         0
 1086       1.0000       1.1500         0         0
 1087       0.9500       1.2000         0         0
 1088       0.9500       1.2500         0         0
 1089       1.0000       1.2500         0         0
 1090       0.9500       1.3000         0         0
 1091       0.9500       1.3500         0         0
 1092       1.0000       1.3500         0         0
 1093       0.9500       1.4000         0         0
 1094       0.9500       1.4500         0         0
 1095       1.0000       1.4500         0         0
 1096       0.9500       1.5000         0         0
 1097       0.9500       1.5500         0         0
 1098       1.0000       1.5500         0         0
 1099       0.9500       1.6000         0         0
 1100       0.9500       1.6500         0         0
 1101       1.0000       1.6500         0         0
 1102       0.9500       1.7000         0         0
 1103       0.9500       1.7500         0         0
 1104       1.0000       1.7500         0         0
 1105       0.9500       1.8000         0         0
 1106       0.9500       1.8500         0         0
 1107       1.0000       1.8500         0         0
 1108       0.9500       1.9000         0         0
 1109       0.9500       1.9500         0         0
 1110       1.0000       1.9500         0         0
 1111       1.0500       0.0500         0         0
 1112       1.1000       0.0500         0         0
 1113       1.0500       0.1000         0         0
 1114       1.0500       0.1500         0         0
 1115       1.1000       0.1500         0         0
 1116       1.0500       0.2000         0         0
 1117       1.0500       0.2500         0         0
 1118       1.1000       0.2500         0         0
 1119       1.0500       0.3000         0         0
 1120       1.0500       0.3500         0         0
 1121       1.1000       0.3500         0         0
 1122       1.0500       0.4000         0         0
 1123       1.0500       0.4500         0         0
 1124       1.1000       0.4500         0         0
 1125       1.0500       0.5000         0         0
 1126       1.0500       0.5500         0         0
 1127       1.1000       0.5500         0         0
 1128       1.0500       0.6000         0         0
 1129       1.0500       0.6500         0         0
 1130       1.1000       0.6500         0         0
 1131       1.0500       0.7000         0         0
 1132       1.0500       0.7500         0         0
 1133       1.1000       0.7500         0         0
 1134       1.0500       0.8000         0         0
 1135       1.0500       0.8500         0         0
 1136       1.1000       0.8500         0         0
 1137       1.0500       0.9000         0         0
 1138       1.0500       0.9500         0         0
 1139       1.1000       0.9500         0         0
 1140       1.0500       1.0000         0         0
 1141       1.0500       1.0500         0         0
 1142       1.1000       1.0500         0         0
 1143       1.0500       1.1000         0         0
 1144       1.0500       1.1500         0         0
 1145       1.1000       1.1500         0         0
 1146       1.0500       1.2000         0         0
 1147       1.0500       1.2500         0         0
 1148       1.1000       1.2500         0         0
 1149       1.0500       1.3000         0         0
 1150       1.0500       1.3500         0         0
 1151       1.1000       1.3500         0         0
 1152       1.0500       1.4000         0         0
 1153       1.0500       1.4500         0         0
 1154       1.1000       1.4500         0         0
 1155       1.0500       1.5000         0         0
 1156       1.0500       1.5500         0         0
 1157       1.1000       1.5500         0         0
 1158       1.0500       1.6000         0         0
 1159       1.0500       1.6500         0         0
 1160       1.1000       1.6500         0         0
 1161       1.0500       1.7000         0         0
 1162       1.0500       1.7500         0         0
 1163       1.1000       1.7500         0         0
 1164       1.0500       1.8000         0         0
 1165       1.0500       1.8500         0         0
 1166       1.1000       1.8500         0         0
 1167       1.0500       1.9000         0         0
 1168       1.0500       1.9500         0         0
 1169       1.1000       1.9500         0         0
 1170       1.1500       0.0500         0         0
 1171       1.2000       0.0500         0         0
 1172       1.1500       0.1000         0         0
 1173       1.1500       0.1500         0         0
 1174       1.2000       0.1500         0         0
 1175       1.1500       0.2000         0         0
 1176       1.1500       0.2500         0         0
 1177       1.2000       0.2500         0         0
 1178       1.1500       0.3000         0         0
 1179       1.1500       0.3500         0         0
 1180       1.2000       0.3500         0         0
 1181       1.1500       0.4000         0         0
 1182       1.1500       0.4500         0         0
 1183       1.2000       0.4500         0         0
 1184       1.1500       0.5000         0         0
 1185       1.1500       0.5500         0         0
 1186       1.2000       0.5500         0         0
 1187       1.1500       0.6000         0         0
 1188       1.1500       0.6500         0         0
 1189       1.2000       0.6500         0         0
 1190       1.1500       0.7000         0         0
 1191       1.1500       0.7500         0         0
 1192       1.2000       0.7500         0         0
 1193       1.1500       0.8000         0         0
 1194       1.1500       0.8500         0         0
 1195       1.2000       0.8500         0         0
 1196       1.1500       0.9000         0         0
 1197       1.1500       0.9500         0         0
 1198       1.2000       0.9500         0         0
 1199       1.1500       1.0000         0         0
 1200       1.1500       1.0500         0         0
 1201       1.2000       1.0500         0         0
 1202       1.1500       1.1000         0         0
 1203       1.1500       1.1500         0         0
 1204       1.2000       1.1500         0         0
 1205       1.1500       1.2000         0         0
 1206       1.1500       1.2500         0         0
 1207       1.2000       1.2500         0         0
 1208       1.1500       1.3000         0         0
 1209       1.1500       1.3500         0         0
 1210       1.2000       1.3500         0         0
 1211       1.1500       1.4000         0         0
 1212       1.1500       1.4500         0         0
 1213       1.2000       1.4500         0         0
 1214       1.1500       1.5000         0         0
 1215       1.1500       1.5500         0         0
 1216       1.2000       1.5500         0         0
 1217       1.1500       1.6000         0         0
 1218       1.1500       1.6500         0         0
 1219       1.2000       1.6500         0         0
 1220       1.1500       1.7000         0         0
 1221       1.1500       1.7500         0         0
 1222       1.2000       1.7500         0         0
 1223       1.1500       1.8000         0         0
 1224       1.1500       1.8500         0         0
 1225       1.2000       1.8500         0         0
 1226       1.1500       1.9000         0         0
 1227       1.1500       1.9500         0         0
 1228       1.2000       1.9500         0         0
 1229       1.2500       0.0500         0         0
 1230       1.3000       0.0500         0         0
 1231       1.2500       0.1000         0         0
 1232       1.2500       0.1500         0         0
 1233       1.3000       0.1500         0         0
 1234       1.2500       0.2000         0         0
 1235       1.2500       0.2500         0         0
 1236       1.3000       0.2500         0         0
 1237       1.2500       0.3000         0         0
 1238       1.2500       0.3500         0         0
 1239       1.3000       0.3500         0         0
 1240       1.2500       0.4000         0         0
 1241       1.2500       0.4500         0         0
 1242       1.3000       0.4500         0         0
 1243       1.2500       0.5000         0         0
 1244       1.2500       0.5500         0         0
 1245       1.3000       0.5500         0         0
 1246       1.2500       0.6000         0         0
 1247       1.2500       0.6500         0         0
 1248       1.3000       0.6500         0         0
 1249       1.2500       0.7000         0         0
 1250       1.2500       0.7500         0         0
 1251       1.3000       0.7500         0         0
 1252       1.2500       0.8000         0         0
 1253       1.2500       0.8500         0         0
 1254       1.3000       0.8500         0         0
 1255       1.2500       0.9000         0         0
 1256       1.2500       0.9500         0         0
 1257       1.3000       0.9500         0         0
 1258       1.2500       1.0000         0         0
 1259       1.2500       1.0500         0         0
 1260       1.3000       1.0500         0         0
 1261       1.2500       1.1000         0         0
 1262       1.2500       1.1500         0         0
 1263       1.3000       1.1500         0         0
 1264       1.2500       1.2000         0         0
 1265       1.2500       1.2500         0         0
 1266       1.3000       1.2500         0         0
 1267       1.2500       1.3000         0         0
 1268       1.2500       1.3500         0         0
 1269       1.3000       1.3500         0         0
 1270       1.2500       1.4000         0         0
 1271       1.2500       1.4500         0         0
 1272       1.3000       1.4500         0         0
 1273       1.2500       1.5000         0         0
 1274       1.2500       1.5500         0         0
 1275       1.3000       1.5500         0         0
 1276       1.2500       1.6000         0         0
 1277       1.2500       1.6500         0         0
 1278       1.3000       1.6500         0         0
 1279       1.2500       1.7000         0         0
 1280       1.2500       1.7500         0         0
 1281       1.3000       1.7500         0         0
 1282       1.2500       1.8000         0         0
 1283       1.2500       1.8500         0         0
 1284       1.3000       1.8500         0         0
 1285       1.2500       1.9000         0         0
 1286       1.2500       1.9500         0         0
 1287       1.3000       1.9500         0         0
 1288       1.3500       0.0500         0         0
 1289       1.4000       0.0500         0         0
 1290       1.3500       0.1000         0         0
 1291       1.3500       0.1500         0         0
 1292       1.4000       0.1500         0         0
 1293       1.3500       0.2000         0         0
 1294       1.3500       0.2500         0         0
 1295       1.4000       0.2500         0         0
 1296       1.3500       0.3000         0         0
 1297       1.3500       0.3500         0         0
 1298       1.4000       0.3500         0         0
 1299       1.3500       0.4000         0         0
 1300       1.3500       0.4500         0         0
 1301       1.4000       0.4500         0         0
 1302       1.3500       0.5000         0         0
 1303       1.3500       0.5500         0         0
 1304       1.4000       0.5500         0         0
 1305       1.3500       0.6000         0         0
 1306       1.3500       0.6500         0         0
 1307       1.4000       0.6500         0         0
 1308       1.3500       0.7000         0         0
 1309       1.3500       0.7500         0         0
 1310       1.4000       0.7500         0         0
 1311       1.3500       0.8000         0         0
 1312       1.3500       0.8500         0         0
 1313       1.4000       0.8500         0         0
 1314       1.3500       0.9000         0         0
 1315       1.3500       0.9500         0         0
 1316       1.4000       0.9500         0         0
 1317       1.3500       1.0000         0         0
 1318       1.3500       1.0500         0         0
 1319       1.4000       1.0500         0         0
 1320       1.3500       1.1000         0         0
 1321       1.3500       1.1500         0         0
 1322       1.4000       1.1500         0         0
 1323       1.3500       1.2000         0         0
 1324       1.3500       1.2500         0         0
 1325       1.4000       1.2500         0         0
 1326       1.3500       1.3000         0         0
 1327       1.3500       1.3500         0         0
 1328       1.4000       1.3500         0         0
 1329       1.3500       1.4000         0         0
 1330       1.3500       1.4500         0         0
 1331       1.4000       1.4500         0         0
 1332       1.3500       1.5000         0         0
 1333       1.3500       1.5500         0         0
 1334       1.4000       1.5500         0         0
 1335       1.3500       1.6000         0         0
 1336       1.3500       1.6500         0         0
 1337       1.4000       1.6500         0         0
 1338       1.3500       1.7000         0         0
 1339       1.3500       1.7500         0         0
 1340       1.4000       1.7500         0         0
 1341       1.3500       1.8000         0         0
 1342       1.3500       1.8500         0         0
 1343       1.4000       1.8500         0         0
 1344       1.3500       1.9000         0         0
 1345       1.3500       1.9500         0         0
 1346       1.4000       1.9500         0         0
 1347       1.4500       0.0500         0         0
 1348       1.5000       0.0500         0         0
 1349       1.4500       0.1000         0         0
 1350       1.4500       0.1500         0         0
 1351       1.5000       0.1500         0         0
 1352       1.4500       0.2000         0         0
 1353       1.4500       0.2500         0         0
 1354       1.5000       0.2500         0         0
 1355       1.4500       0.3000         0         0
 1356       1.4500       0.3500         0         0
 1357       1.5000       0.3500         0         0
 1358       1.4500       0.4000         0         0
 1359       1.4500       0.4500         0         0
 1360       1.5000       0.4500         0         0
 1361       1.4500       0.5000         0         0
 1362       1.4500       0.5500         0         0
 1363       1.5000       0.5500         0         0
 1364       1.4500       0.6000         0         0
 1365       1.4500       0.6500         0         0
 1366       1.5000       0.6500         0         0
 1367       1.4500       0.7000         0         0
 1368       1.4500       0.7500         0         0
 1369       1.5000       0.7500         0         0
 1370       1.4500       0.8000         0         0
 1371       1.4500       0.8500         0         0
 1372       1.5000       0.8500         0         0
 1373       1.4500       0.9000         0         0
 1374       1.4500       0.9500         0         0
 1375       1.5000       0.9500         0         0
 1376       1.4500       1.0000         0         0
 1377       1.4500       1.0500         0         0
 1378       1.5000       1.0500         0         0
 1379       1.4500       1.1000         0         0
 1380       1.4500       1.1500         0         0
 1381       1.5000       1.1500         0         0
 1382       1.4500       1.2000         0         0
 1383       1.4500       1.2500         0         0
 1384       1.5000       1.2500         0         0
 1385       1.4500       1.3000         0         0
 1386       1.4500       1.3500         0         0
 1387       1.5000       1.3500         0         0
 1388       1.4500       1.4000         0         0
 1389       1.4500       1.4500         0         0
 1390       1.5000       1.4500         0         0
 1391       1.4500       1.5000         0         0
 1392       1.4500       1.5500         0         0
 1393       1.5000       1.5500         0         0
 1394       1.4500       1.6000         0         0
 1395       1.4500       1.6500         0         0
 1396       1.5000       1.6500         0         0
 1397       1.4500       1.7000         0         0
 1398       1.4500       1.7500         0         0
 1399       1.5000       1.7500         0         0
 1400       1.4500       1.8000         0         0
 1401       1.4500       1.8500         0         0
 1402       1.5000       1.8500         0         0
 1403       1.4500       1.9000         0         0
 1404       1.4500       1.9500         0         0
 1405       1.5000       1.9500         0         0
 1406       1.5500       0.0500         0         0
 1407       1.6000       0.0500         0         0
 1408       1.5500       0.1000         0         0
 1409       1.5500       0.1500         0         0
 1410       1.6000       0.1500         0         0
 1411       1.5500       0.2000         0         0
 1412       1.5500       0.2500         0         0
 1413       1.6000       0.2500         0         0
 1414       1.5500       0.3000         0         0
 1415       1.5500       0.3500         0         0
 1416       1.6000       0.3500         0         0
 1417       1.5500       0.4000         0         0
 1418       1.5500       0.4500         0         0
 1419       1.6000       0.4500         0         0
 1420       1.5500       0.5000         0         0
 1421       1.5500       0.5500         0         0
 1422       1.6000       0.5500         0         0
 1423       1.5500       0.6000         0         0
 1424       1.5500       0.6500         0         0
 1425       1.6000       0.6500         0         0
 1426       1.5500       0.7000         0         0
 1427       1.5500       0.7500         0         0
 1428       1.6000       0.7500         0         0
 1429       1.5500       0.8000         0         0
 1430       1.5500       0.8500         0         0
 1431       1.6000       0.8500         0         0
 1432       1.5500       0.9000         0         0
 1433       1.5500       0.9500         0         0
 1434       1.6000       0.9500         0         0
 1435       1.5500       1.0000         0         0
 1436       1.5500       1.0500         0         0
 1437       1.6000       1.0500         0         0
 1438       1.5500       1.1000         0         0
 1439       1.5500       1.1500         0         0
 1440       1.6000       1.1500         0         0
 1441       1.5500       1.2000         0         0
 1442       1.5500       1.2500         0         0
 1443       1.6000       1.2500         0         0
 1444       1.5500       1.3000         0         0
 1445       1.5500       1.3500         0         0
 1446       1.6000       1.3500         0         0
 1447       1.5500       1.4000         0         0
 1448       1.5500       1.4500         0         0
 1449       1.6000       1.4500         0         0
 1450       1.5500       1.5000         0         0
 1451       1.5500       1.5500         0         0
 1452       1.6000       1.5500         0         0
 1453       1.5500       1.6000         0         0
 1454       1.5500       1.6500         0         0
 1455       1.6000       1.6500         0         0
 1456       1.5500       1.7000         0         0
 1457       1.5500       1.7500         0         0
 1458       1.6000       1.7500         0         0
 1459       1.5500       1.8000         0         0
 1460       1.5500       1.8500         0         0
 1461       1.6000       1.8500         0         0
 1462       1.5500       1.9000         0         0
 1463       1.5500       1.9500         0         0
 1464       1.6000       1.9500         0         0
 1465       1.6500       0.0500         0         0
 1466       1.7000       0.0500         0         0
 1467       1.6500       0.1000         0         0
 1468       1.6500       0.1500         0         0
 1469       1.7000       0.1500         0         0
 1470       1.6500       0.2000         0         0
 1471       1.6500       0.2500         0         0
 1472       1.7000       0.2500         0         0
 1473       1.6500       0.3000         0         0
 1474       1.6500       0.3500         0         0
 1475       1.7000       0.3500         0         0
 1476       1.6500       0.4000         0         0
 1477       1.6500       0.4500         0         0
 1478       1.7000       0.4500         0         0
 1479       1.6500       0.5000         0         0
 1480       1.6500       0.5500         0         0
 1481       1.7000       0.5500         0         0
 1482       1.6500       0.6000         0         0
 1483       1.6500       0.6500         0         0
 1484       1.7000       0.6500         0         0
 1485       1.6500       0.7000         0         0
 1486       1.6500       0.7500         0         0
 1487       1.7000       0.7500         0         0
 1488       1.6500       0.8000         0         0
 1489       1.6500       0.8500         0         0
 1490       1.7000       0.8500         0         0
 1491       1.6500       0.9000         0         0
 1492       1.6500       0.9500         0         0
 1493       1.7000       0.9500         0         0
 1494       1.6500       1.0000         0         0
 1495       1.6500       1.0500         0         0
 1496       1.7000       1.0500         0         0
 1497       1.6500       1.1000         0         0
 1498       1.6500       1.1500         0         0
 1499       1.7000       1.1500         0         0
 1500       1.6500       1.2000         0         0
 1501       1.6500       1.2500         0         0
 1502       1.7000       1.2500         0         0
 1503       1.6500       1.3000         0         0
 1504       1.6500       1.3500         0         0
 1505       1.7000       1.3500         0         0
 1506       1.6500       1.4000         0         0
 1507       1.6500       1.4500         0         0
 1508       1.7000       1.4500         0         0
 1509       1.6500       1.5000         0         0
 1510       1.6500       1.5500         0         0
 1511       1.7000       1.5500         0         0
 1512       1.6500       1.6000         0         0
 1513       1.6500       1.6500         0         0
 1514       1.7000       1.6500         0         0
 1515       1.6500       1.7000         0         0
 1516       1.6500       1.7500         0         0
 1517       1.7000       1.7500         0         0
 1518       1.6500       1.8000         0         0
 1519       1.6500       1.8500         0         0
 1520       1.7000       1.8500         0         0
 1521       1.6500       1.9000         0         0
 1522       1.6500       1.9500         0         0
 1523       1.7000       1.9500         0         0
 1524       1.7500       0.0500         0         0
 1525       1.8000       0.0500         0         0
 1526       1.7500       0.1000         0         0
 1527       1.7500       0.1500         0         0
 1528       1.8000       0.1500         0         0
 1529       1.7500       0.2000         0         0
 1530       1.7500       0.2500         0         0
 1531       1.8000       0.2500         0         0
 1532       1.7500       0.3000         0         0
 1533       1.7500       0.3500         0         0
 1534       1.8000       0.3500         0         0
 1535       1.7500       0.4000         0         0
 1536       1.7500       0.4500         0         0
 1537       1.8000       0.4500         0         0
 1538       1.7500       0.5000         0         0
 1539       1.7500       0.5500         0         0
 1540       1.8000       0.5500         0         0
 1541       1.7500       0.6000         0         0
 1542       1.7500       0.6500         0         0
 1543       1.8000       0.6500         0         0
 1544       1.7500       0.7000         0         0
 1545       1.7500       0.7500         0         0
 1546       1.8000       0.7500         0         0
 1547       1.7500       0.8000         0         0
 1548       1.7500       0.8500         0         0
 1549       1.8000       0.8500         0         0
 1550       1.7500       0.9000         0         0
 1551       1.7500       0.9500         0         0
 1552       1.8000       0.9500         0         0
 1553       1.7500       1.0000         0         0
 1554       1.7500       1.0500         0         0
 1555       1.8000       1.0500         0         0
 1556       1.7500       1.1000         0         0
 1557       1.7500       1.1500         0         0
 1558       1.8000       1.1500         0         0
 1559       1.7500       1.2000         0         0
 1560       1.7500       1.2500         0         0
 1561       1.8000       1.2500         0         0
 1562       1.7500       1.3000         0         0
 1563       1.7500       1.3500         0         0
 1564       1.8000       1.3500         0         0
 1565       1.7500       1.4000         0         0
 1566       1.7500       1.4500         0         0
 1567       1.8000       1.4500         0         0
 1568       1.7500       1.5000         0         0
 1569       1.7500       1.5500         0         0
 1570       1.8000       1.5500         0         0
 1571       1.7500       1.6000         0         0
 1572       1.7500       1.6500         0         0
 1573       1.8000       1.6500         0         0
 1574       1.7500       1.7000         0         0
 1575       1.7500       1.7500         0         0
 1576       1.8000       1.7500         0         0
 1577       1.7500       1.8000         0         0
 1578       1.7500       1.8500         0         0
 1579       1.8000       1.8500         0         0
 1580       1.7500       1.9000         0         0
 1581       1.7500       1.9500         0         0
 1582       1.8000       1.9500         0         0
 1583       1.8500       0.0500         0         0
 1584       1.9000       0.0500         0         0
 1585       1.8500       0.1000         0         0
 1586       1.8500       0.1500         0         0
 1587       1.9000       0.1500         0         0
 1588       1.8500       0.2000         0         0
 1589       1.8500       0.2500         0         0
 1590       1.9000       0.2500         0         0
 1591       1.8500       0.3000         0         0
 1592       1.8500       0.3500         0         0
 1593       1.9000       0.3500         0         0
 1594       1.8500       0.4000         0         0
 1595       1.8500       0.4500         0         0
 1596       1.9000       0.4500         0         0
 1597       1.8500       0.5000         0         0
 1598       1.8500       0.5500         0         0
 1599       1.9000       0.5500         0         0
 1600       1.8500       0.6000         0         0
 1601       1.8500       0.6500         0         0
 1602       1.9000       0.6500         0         0
 1603       1.8500       0.7000         0         0
 1604       1.8500       0.7500         0         0
 1605       1.9000       0.7500         0         0
 1606       1.8500       0.8000         0         0
 1607       1.8500       0.8500         0         0
 1608       1.9000       0.8500         0         0
 1609       1.8500       0.9000         0         0
 1610       1.8500       0.9500         0         0
 1611       1.9000       0.9500         0         0
 1612       1.8500       1.0000         0         0
 1613       1.8500       1.0500         0         0
 1614       1.9000       1.0500         0         0
 1615       1.8500       1.1000         0         0
 1616       1.8500       1.1500         0         0
 1617       1.9000       1.1500         0         0
 1618       1.8500       1.2000         0         0
 1619       1.8500       1.2500         0         0
 1620       1.9000       1.2500         0         0
 1621       1.8500       1.3000         0         0
 1622       1.8500       1.3500         0         0
 1623       1.9000       1.3500         0         0
 1624       1.8500       1.4000         0         0
 1625       1.8500       1.4500         0         0
 1626       1.9000       1.4500         0         0
 1627       1.8500       1.5000         0         0
 1628       1.8500       1.5500         0         0
 1629       1.9000       1.5500         0         0
 1630       1.8500       1.6000         0         0
 1631       1.8500       1.6500         0         0
 1632       1.9000       1.6500         0         0
 1633       1.8500       1.7000         0         0
 1634       1.8500       1.7500         0         0
 1635       1.9000       1.7500         0         0
 1636       1.8500       1.8000         0         0
 1637       1.8500       1.8500         0         0
 1638       1.9000       1.8500         0         0
 1639       1.8500       1.9000         0         0
 1640       1.8500       1.9500         0         0
 1641       1.9000       1.9500         0         0
 1642       1.9500       0.0500         0         0
 1643       1.9500       0.1000         0         0
 1644       1.9500       0.1500         0         0
 1645       1.9500       0.2000         0         0
 1646       1.9500       0.2500         0         0
 1647       1.9500       0.3000         0         0
 1648       1.9500       0.3500         0         0
 1649       1.9500       0.4000         0         0
 1650       1.9500       0.4500         0         0
 1651       1.9500       0.5000         0         0
 1652       1.9500       0.5500         0         0
 1653       1.9500       0.6000         0         0
 1654       1.9500       0.6500         0         0
 1655       1.9500       0.7000         0         0
 1656       1.9500       0.7500         0         0
 1657       1.9500       0.8000         0         0
 1658       1.9500       0.8500         0         0
 1659       1.9500       0.9000         0         0
 1660       1.9500       0.9500         0         0
 1661       1.9500       1.0000         0         0
 1662       1.9500       1.0500         0         0
 1663       1.9500       1.1000         0         0
 1664       1.9500       1.1500         0         0
 1665       1.9500       1.2000         0         0
 1666       1.9500       1.2500         0         0
 1667       1.9500       1.3000         0         0
 1668       1.9500       1.3500         0         0
 1669       1.9500       1.4000         0         0
 1670       1.9500       1.4500         0         0
 1671       1.9500       1.5000         0         0
 1672       1.9500       1.5500         0         0
 1673       1.9500       1.6000         0         0
 1674       1.9500       1.6500         0         0
 1675       1.9500       1.7000         0         0
 1676       1.9500       1.7500         0         0
 1677       1.9500       1.8000         0         0
 1678       1.9500       1.8500         0         0
 1679       1.9500       1.9000         0         0
 1680       1.9500       1.9500         0         0
