    0         1         0         0         4       128       127
    1         1         0       127       128       129       126
    2         1         0       126       129       130       125
    3         1         0       125       130       131       124
    4         1         0       124       131       132       123
    5         1         0       123       132       133       122
    6         1         0       122       133       134       121
    7         1         0       121       134       135       120
    8         1         0       120       135       136       119
    9         1         0       119       136       137       118
   10         1         0       118       137       138       117
   11         1         0       117       138       139       116
   12         1         0       116       139       140       115
   13         1         0       115       140       141       114
   14         1         0       114       141       142       113
   15         1         0       113       142       112         3
   16         1         0         4         5       143       128
   17         1         0       128       143       144       129
   18         1         0       129       144       145       130
   19         1         0       130       145       146       131
   20         1         0       131       146       147       132
   21         1         0       132       147       148       133
   22         1         0       133       148       149       134
   23         1         0       134       149       150       135
   24         1         0       135       150       151       136
   25         1         0       136       151       152       137
   26         1         0       137       152       153       138
   27         1         0       138       153       154       139
   28         1         0       139       154       155       140
   29         1         0       140       155       156       141
   30         1         0       141       156       157       142
   31         1         0       142       157       111       112
   32         1         0         5         6       158       143
   33         1         0       143       158       159       144
   34         1         0       144       159       160       145
   35         1         0       145       160       161       146
   36         1         0       146       161       162       147
   37         1         0       147       162       163       148
   38         1         0       148       163       164       149
   39         1         0       149       164       165       150
   40         1         0       150       165       166       151
   41         1         0       151       166       167       152
   42         1         0       152       167       168       153
   43         1         0       153       168       169       154
   44         1         0       154       169       170       155
   45         1         0       155       170       171       156
   46         1         0       156       171       172       157
   47         1         0       157       172       110       111
   48         1         0         6         7       173       158
   49         1         0       158       173       174       159
   50         1         0       159       174       175       160
   51         1         0       160       175       176       161
   52         1         0       161       176       177       162
   53         1         0       162       177       178       163
   54         1         0       163       178       179       164
   55         1         0       164       179       180       165
   56         1         0       165       180       181       166
   57         1         0       166       181       182       167
   58         1         0       167       182       183       168
   59         1         0       168       183       184       169
   60         1         0       169       184       185       170
   61         1         0       170       185       186       171
   62         1         0       171       186       187       172
   63         1         0       172       187       109       110
   64         1         0         7         8       188       173
   65         1         0       173       188       189       174
   66         1         0       174       189       190       175
   67         1         0       175       190       191       176
   68         1         0       176       191       192       177
   69         1         0       177       192       193       178
   70         1         0       178       193       194       179
   71         1         0       179       194       195       180
   72         1         0       180       195       196       181
   73         1         0       181       196       197       182
   74         1         0       182       197       198       183
   75         1         0       183       198       199       184
   76         1         0       184       199       200       185
   77         1         0       185       200       201       186
   78         1         0       186       201       202       187
   79         1         0       187       202       108       109
   80         1         0         8         9       203       188
   81         1         0       188       203       204       189
   82         1         0       189       204       205       190
   83         1         0       190       205       206       191
   84         1         0       191       206       207       192
   85         1         0       192       207       208       193
   86         1         0       193       208       209       194
   87         1         0       194       209       210       195
   88         1         0       195       210       211       196
   89         1         0       196       211       212       197
   90         1         0       197       212       213       198
   91         1         0       198       213       214       199
   92         1         0       199       214       215       200
   93         1         0       200       215       216       201
   94         1         0       201       216       217       202
   95         1         0       202       217       107       108
   96         1         0         9        10       218       203
   97         1         0       203       218       219       204
   98         1         0       204       219       220       205
   99         1         0       205       220       221       206
  100         1         0       206       221       222       207
  101         1         0       207       222       223       208
  102         1         0       208       223       224       209
  103         1         0       209       224       225       210
  104         1         0       210       225       226       211
  105         1         0       211       226       227       212
  106         1         0       212       227       228       213
  107         1         0       213       228       229       214
  108         1         0       214       229       230       215
  109         1         0       215       230       231       216
  110         1         0       216       231       232       217
  111         1         0       217       232       106       107
  112         1         0        10        11       233       218
  113         1         0       218       233       234       219
  114         1         0       219       234       235       220
  115         1         0       220       235       236       221
  116         1         0       221       236       237       222
  117         1         0       222       237       238       223
  118         1         0       223       238       239       224
  119         1         0       224       239       240       225
  120         1         0       225       240       241       226
  121         1         0       226       241       242       227
  122         1         0       227       242       243       228
  123         1         0       228       243       244       229
  124         1         0       229       244       245       230
  125         1         0       230       245       246       231
  126         1         0       231       246       247       232
  127         1         0       232       247       105       106
  128         1         0        11        12       248       233
  129         1         0       233       248       249       234
  130         1         0       234       249       250       235
  131         1         0       235       250       251       236
  132         1         0       236       251       252       237
  133         1         0       237       252       253       238
  134         1         0       238       253       254       239
  135         1         0       239       254       255       240
  136         1         0       240       255       256       241
  137         1         0       241       256       257       242
  138         1         0       242       257       258       243
  139         1         0       243       258       259       244
  140         1         0       244       259       260       245
  141         1         0       245       260       261       246
  142         1         0       246       261       262       247
  143         1         0       247       262       104       105
  144         1         0        12        13       263       248
  145         1         0       248       263       264       249
  146         1         0       249       264       265       250
  147         1         0       250       265       266       251
  148         1         0       251       266       267       252
  149         1         0       252       267       268       253
  150         1         0       253       268       269       254
  151         1         0       254       269       270       255
  152         1         0       255       270       271       256
  153         1         0       256       271       272       257
  154         1         0       257       272       273       258
  155         1         0       258       273       274       259
  156         1         0       259       274       275       260
  157         1         0       260       275       276       261
  158         1         0       261       276       277       262
  159         1         0       262       277       103       104
  160         1         0        13        14       278       263
  161         1         0       263       278       279       264
  162         1         0       264       279       280       265
  163         1         0       265       280       281       266
  164         1         0       266       281       282       267
  165         1         0       267       282       283       268
  166         1         0       268       283       284       269
  167         1         0       269       284       285       270
  168         1         0       270       285       286       271
  169         1         0       271       286       287       272
  170         1         0       272       287       288       273
  171         1         0       273       288       289       274
  172         1         0       274       289       290       275
  173         1         0       275       290       291       276
  174         1         0       276       291       292       277
  175         1         0       277       292       102       103
  176         1         0        14        15       293       278
  177         1         0       278       293       294       279
  178         1         0       279       294       295       280
  179         1         0       280       295       296       281
  180         1         0       281       296       297       282
  181         1         0       282       297       298       283
  182         1         0       283       298       299       284
  183         1         0       284       299       300       285
  184         1         0       285       300       301       286
  185         1         0       286       301       302       287
  186         1         0       287       302       303       288
  187         1         0       288       303       304       289
  188         1         0       289       304       305       290
  189         1         0       290       305       306       291
  190         1         0       291       306       307       292
  191         1         0       292       307       101       102
  192         1         0        15        16       308       293
  193         1         0       293       308       309       294
  194         1         0       294       309       310       295
  195         1         0       295       310       311       296
  196         1         0       296       311       312       297
  197         1         0       297       312       313       298
  198         1         0       298       313       314       299
  199         1         0       299       314       315       300
  200         1         0       300       315       316       301
  201         1         0       301       316       317       302
  202         1         0       302       317       318       303
  203         1         0       303       318       319       304
  204         1         0       304       319       320       305
  205         1         0       305       320       321       306
  206         1         0       306       321       322       307
  207         1         0       307       322       100       101
  208         1         0        16        17       323       308
  209         1         0       308       323       324       309
  210         1         0       309       324       325       310
  211         1         0       310       325       326       311
  212         1         0       311       326       327       312
  213         1         0       312       327       328       313
  214         1         0       313       328       329       314
  215         1         0       314       329       330       315
  216         1         0       315       330       331       316
  217         1         0       316       331       332       317
  218         1         0       317       332       333       318
  219         1         0       318       333       334       319
  220         1         0       319       334       335       320
  221         1         0       320       335       336       321
  222         1         0       321       336       337       322
  223         1         0       322       337        99       100
  224         1         0        17        18       338       323
  225         1         0       323       338       339       324
  226         1         0       324       339       340       325
  227         1         0       325       340       341       326
  228         1         0       326       341       342       327
  229         1         0       327       342       343       328
  230         1         0       328       343       344       329
  231         1         0       329       344       345       330
  232         1         0       330       345       346       331
  233         1         0       331       346       347       332
  234         1         0       332       347       348       333
  235         1         0       333       348       349       334
  236         1         0       334       349       350       335
  237         1         0       335       350       351       336
  238         1         0       336       351       352       337
  239         1         0       337       352        98        99
  240         1         0        18        19       353       338
  241         1         0       338       353       354       339
  242         1         0       339       354       355       340
  243         1         0       340       355       356       341
  244         1         0       341       356       357       342
  245         1         0       342       357       358       343
  246         1         0       343       358       359       344
  247         1         0       344       359       360       345
  248         1         0       345       360       361       346
  249         1         0       346       361       362       347
  250         1         0       347       362       363       348
  251         1         0       348       363       364       349
  252         1         0       349       364       365       350
  253         1         0       350       365       366       351
  254         1         0       351       366       367       352
  255         1         0       352       367        97        98
  256         1         0        19        20       368       353
  257         1         0       353       368       369       354
  258         1         0       354       369       370       355
  259         1         0       355       370       371       356
  260         1         0       356       371       372       357
  261         1         0       357       372       373       358
  262         1         0       358       373       374       359
  263         1         0       359       374       375       360
  264         1         0       360       375       376       361
  265         1         0       361       376       377       362
  266         1         0       362       377       378       363
  267         1         0       363       378       379       364
  268         1         0       364       379       380       365
  269         1         0       365       380       381       366
  270         1         0       366       381       382       367
  271         1         0       367       382        96        97
  272         1         0        20        21       383       368
  273         1         0       368       383       384       369
  274         1         0       369       384       385       370
  275         1         0       370       385       386       371
  276         1         0       371       386       387       372
  277         1         0       372       387       388       373
  278         1         0       373       388       389       374
  279         1         0       374       389       390       375
  280         1         0       375       390       391       376
  281         1         0       376       391       392       377
  282         1         0       377       392       393       378
  283         1         0       378       393       394       379
  284         1         0       379       394       395       380
  285         1         0       380       395       396       381
  286         1         0       381       396       397       382
  287         1         0       382       397        95        96
  288         1         0        21        22       398       383
  289         1         0       383       398       399       384
  290         1         0       384       399       400       385
  291         1         0       385       400       401       386
  292         1         0       386       401       402       387
  293         1         0       387       402       403       388
  294         1         0       388       403       404       389
  295         1         0       389       404       405       390
  296         1         0       390       405       406       391
  297         1         0       391       406       407       392
  298         1         0       392       407       408       393
  299         1         0       393       408       409       394
  300         1         0       394       409       410       395
  301         1         0       395       410       411       396
  302         1         0       396       411       412       397
  303         1         0       397       412        94        95
  304         1         0        22        23       413       398
  305         1         0       398       413       414       399
  306         1         0       399       414       415       400
  307         1         0       400       415       416       401
  308         1         0       401       416       417       402
  309         1         0       402       417       418       403
  310         1         0       403       418       419       404
  311         1         0       404       419       420       405
  312         1         0       405       420       421       406
  313         1         0       406       421       422       407
  314         1         0       407       422       423       408
  315         1         0       408       423       424       409
  316         1         0       409       424       425       410
  317         1         0       410       425       426       411
  318         1         0       411       426       427       412
  319         1         0       412       427        93        94
  320         1         0        23        24       428       413
  321         1         0       413       428       429       414
  322         1         0       414       429       430       415
  323         1         0       415       430       431       416
  324         1         0       416       431       432       417
  325         1         0       417       432       433       418
  326         1         0       418       433       434       419
  327         1         0       419       434       435       420
  328         1         0       420       435       436       421
  329         1         0       421       436       437       422
  330         1         0       422       437       438       423
  331         1         0       423       438       439       424
  332         1         0       424       439       440       425
  333         1         0       425       440       441       426
  334         1         0       426       441       442       427
  335         1         0       427       442        92        93
  336         1         0        24        25       443       428
  337         1         0       428       443       444       429
  338         1         0       429       444       445       430
  339         1         0       430       445       446       431
  340         1         0       431       446       447       432
  341         1         0       432       447       448       433
  342         1         0       433       448       449       434
  343         1         0       434       449       450       435
  344         1         0       435       450       451       436
  345         1         0       436       451       452       437
  346         1         0       437       452       453       438
  347         1         0       438       453       454       439
  348         1         0       439       454       455       440
  349         1         0       440       455       456       441
  350         1         0       441       456       457       442
  351         1         0       442       457        91        92
  352         1         0        25        26       458       443
  353         1         0       443       458       459       444
  354         1         0       444       459       460       445
  355         1         0       445       460       461       446
  356         1         0       446       461       462       447
  357         1         0       447       462       463       448
  358         1         0       448       463       464       449
  359         1         0       449       464       465       450
  360         1         0       450       465       466       451
  361         1         0       451       466       467       452
  362         1         0       452       467       468       453
  363         1         0       453       468       469       454
  364         1         0       454       469       470       455
  365         1         0       455       470       471       456
  366         1         0       456       471       472       457
  367         1         0       457       472        90        91
  368         1         0        26        27       473       458
  369         1         0       458       473       474       459
  370         1         0       459       474       475       460
  371         1         0       460       475       476       461
  372         1         0       461       476       477       462
  373         1         0       462       477       478       463
  374         1         0       463       478       479       464
  375         1         0       464       479       480       465
  376         1         0       465       480       481       466
  377         1         0       466       481       482       467
  378         1         0       467       482       483       468
  379         1         0       468       483       484       469
  380         1         0       469       484       485       470
  381         1         0       470       485       486       471
  382         1         0       471       486       487       472
  383         1         0       472       487        89        90
  384         1         0        27        28       488       473
  385         1         0       473       488       489       474
  386         1         0       474       489       490       475
  387         1         0       475       490       491       476
  388         1         0       476       491       492       477
  389         1         0       477       492       493       478
  390         1         0       478       493       494       479
  391         1         0       479       494       495       480
  392         1         0       480       495       496       481
  393         1         0       481       496       497       482
  394         1         0       482       497       498       483
  395         1         0       483       498       499       484
  396         1         0       484       499       500       485
  397         1         0       485       500       501       486
  398         1         0       486       501       502       487
  399         1         0       487       502        88        89
  400         1         0        28        29       503       488
  401         1         0       488       503       504       489
  402         1         0       489       504       505       490
  403         1         0       490       505       506       491
  404         1         0       491       506       507       492
  405         1         0       492       507       508       493
  406         1         0       493       508       509       494
  407         1         0       494       509       510       495
  408         1         0       495       510       511       496
  409         1         0       496       511       512       497
  410         1         0       497       512       513       498
  411         1         0       498       513       514       499
  412         1         0       499       514       515       500
  413         1         0       500       515       516       501
  414         1         0       501       516       517       502
  415         1         0       502       517        87        88
  416         1         0        29        30       518       503
  417         1         0       503       518       519       504
  418         1         0       504       519       520       505
  419         1         0       505       520       521       506
  420         1         0       506       521       522       507
  421         1         0       507       522       523       508
  422         1         0       508       523       524       509
  423         1         0       509       524       525       510
  424         1         0       510       525       526       511
  425         1         0       511       526       527       512
  426         1         0       512       527       528       513
  427         1         0       513       528       529       514
  428         1         0       514       529       530       515
  429         1         0       515       530       531       516
  430         1         0       516       531       532       517
  431         1         0       517       532        86        87
  432         1         0        30        31       533       518
  433         1         0       518       533       534       519
  434         1         0       519       534       535       520
  435         1         0       520       535       536       521
  436         1         0       521       536       537       522
  437         1         0       522       537       538       523
  438         1         0       523       538       539       524
  439         1         0       524       539       540       525
  440         1         0       525       540       541       526
  441         1         0       526       541       542       527
  442         1         0       527       542       543       528
  443         1         0       528       543       544       529
  444         1         0       529       544       545       530
  445         1         0       530       545       546       531
  446         1         0       531       546       547       532
  447         1         0       532       547        85        86
  448         1         0        31        32       548       533
  449         1         0       533       548       549       534
  450         1         0       534       549       550       535
  451         1         0       535       550       551       536
  452         1         0       536       551       552       537
  453         1         0       537       552       553       538
  454         1         0       538       553       554       539
  455         1         0       539       554       555       540
  456         1         0       540       555       556       541
  457         1         0       541       556       557       542
  458         1         0       542       557       558       543
  459         1         0       543       558       559       544
  460         1         0       544       559       560       545
  461         1         0       545       560       561       546
  462         1         0       546       561       562       547
  463         1         0       547       562        84        85
  464         1         0        32        33       563       548
  465         1         0       548       563       564       549
  466         1         0       549       564       565       550
  467         1         0       550       565       566       551
  468         1         0       551       566       567       552
  469         1         0       552       567       568       553
  470         1         0       553       568       569       554
  471         1         0       554       569       570       555
  472         1         0       555       570       571       556
  473         1         0       556       571       572       557
  474         1         0       557       572       573       558
  475         1         0       558       573       574       559
  476         1         0       559       574       575       560
  477         1         0       560       575       576       561
  478         1         0       561       576       577       562
  479         1         0       562       577        83        84
  480         1         0        33        34       578       563
  481         1         0       563       578       579       564
  482         1         0       564       579       580       565
  483         1         0       565       580       581       566
  484         1         0       566       581       582       567
  485         1         0       567       582       583       568
  486         1         0       568       583       584       569
  487         1         0       569       584       585       570
  488         1         0       570       585       586       571
  489         1         0       571       586       587       572
  490         1         0       572       587       588       573
  491         1         0       573       588       589       574
  492         1         0       574       589       590       575
  493         1         0       575       590       591       576
  494         1         0       576       591       592       577
  495         1         0       577       592        82        83
  496         1         0        34        35       593       578
  497         1         0       578       593       594       579
  498         1         0       579       594       595       580
  499         1         0       580       595       596       581
  500         1         0       581       596       597       582
  501         1         0       582       597       598       583
  502         1         0       583       598       599       584
  503         1         0       584       599       600       585
  504         1         0       585       600       601       586
  505         1         0       586       601       602       587
  506         1         0       587       602       603       588
  507         1         0       588       603       604       589
  508         1         0       589       604       605       590
  509         1         0       590       605       606       591
  510         1         0       591       606       607       592
  511         1         0       592       607        81        82
  512         1         0        35        36       608       593
  513         1         0       593       608       609       594
  514         1         0       594       609       610       595
  515         1         0       595       610       611       596
  516         1         0       596       611       612       597
  517         1         0       597       612       613       598
  518         1         0       598       613       614       599
  519         1         0       599       614       615       600
  520         1         0       600       615       616       601
  521         1         0       601       616       617       602
  522         1         0       602       617       618       603
  523         1         0       603       618       619       604
  524         1         0       604       619       620       605
  525         1         0       605       620       621       606
  526         1         0       606       621       622       607
  527         1         0       607       622        80        81
  528         1         0        36        37       623       608
  529         1         0       608       623       624       609
  530         1         0       609       624       625       610
  531         1         0       610       625       626       611
  532         1         0       611       626       627       612
  533         1         0       612       627       628       613
  534         1         0       613       628       629       614
  535         1         0       614       629       630       615
  536         1         0       615       630       631       616
  537         1         0       616       631       632       617
  538         1         0       617       632       633       618
  539         1         0       618       633       634       619
  540         1         0       619       634       635       620
  541         1         0       620       635       636       621
  542         1         0       621       636       637       622
  543         1         0       622       637        79        80
  544         1         0        37        38       638       623
  545         1         0       623       638       639       624
  546         1         0       624       639       640       625
  547         1         0       625       640       641       626
  548         1         0       626       641       642       627
  549         1         0       627       642       643       628
  550         1         0       628       643       644       629
  551         1         0       629       644       645       630
  552         1         0       630       645       646       631
  553         1         0       631       646       647       632
  554         1         0       632       647       648       633
  555         1         0       633       648       649       634
  556         1         0       634       649       650       635
  557         1         0       635       650       651       636
  558         1         0       636       651       652       637
  559         1         0       637       652        78        79
  560         1         0        38        39       653       638
  561         1         0       638       653       654       639
  562         1         0       639       654       655       640
  563         1         0       640       655       656       641
  564         1         0       641       656       657       642
  565         1         0       642       657       658       643
  566         1         0       643       658       659       644
  567         1         0       644       659       660       645
  568         1         0       645       660       661       646
  569         1         0       646       661       662       647
  570         1         0       647       662       663       648
  571         1         0       648       663       664       649
  572         1         0       649       664       665       650
  573         1         0       650       665       666       651
  574         1         0       651       666       667       652
  575         1         0       652       667        77        78
  576         1         0        39        40       668       653
  577         1         0       653       668       669       654
  578         1         0       654       669       670       655
  579         1         0       655       670       671       656
  580         1         0       656       671       672       657
  581         1         0       657       672       673       658
  582         1         0       658       673       674       659
  583         1         0       659       674       675       660
  584         1         0       660       675       676       661
  585         1         0       661       676       677       662
  586         1         0       662       677       678       663
  587         1         0       663       678       679       664
  588         1         0       664       679       680       665
  589         1         0       665       680       681       666
  590         1         0       666       681       682       667
  591         1         0       667       682        76        77
  592         1         0        40        41       683       668
  593         1         0       668       683       684       669
  594         1         0       669       684       685       670
  595         1         0       670       685       686       671
  596         1         0       671       686       687       672
  597         1         0       672       687       688       673
  598         1         0       673       688       689       674
  599         1         0       674       689       690       675
  600         1         0       675       690       691       676
  601         1         0       676       691       692       677
  602         1         0       677       692       693       678
  603         1         0       678       693       694       679
  604         1         0       679       694       695       680
  605         1         0       680       695       696       681
  606         1         0       681       696       697       682
  607         1         0       682       697        75        76
  608         1         0        41        42       698       683
  609         1         0       683       698       699       684
  610         1         0       684       699       700       685
  611         1         0       685       700       701       686
  612         1         0       686       701       702       687
  613         1         0       687       702       703       688
  614         1         0       688       703       704       689
  615         1         0       689       704       705       690
  616         1         0       690       705       706       691
  617         1         0       691       706       707       692
  618         1         0       692       707       708       693
  619         1         0       693       708       709       694
  620         1         0       694       709       710       695
  621         1         0       695       710       711       696
  622         1         0       696       711       712       697
  623         1         0       697       712        74        75
  624         1         0        42        43       713       698
  625         1         0       698       713       714       699
  626         1         0       699       714       715       700
  627         1         0       700       715       716       701
  628         1         0       701       716       717       702
  629         1         0       702       717       718       703
  630         1         0       703       718       719       704
  631         1         0       704       719       720       705
  632         1         0       705       720       721       706
  633         1         0       706       721       722       707
  634         1         0       707       722       723       708
  635         1         0       708       723       724       709
  636         1         0       709       724       725       710
  637         1         0       710       725       726       711
  638         1         0       711       726       727       712
  639         1         0       712       727        73        74
  640         1         0        43        44       728       713
  641         1         0       713       728       729       714
  642         1         0       714       729       730       715
  643         1         0       715       730       731       716
  644         1         0       716       731       732       717
  645         1         0       717       732       733       718
  646         1         0       718       733       734       719
  647         1         0       719       734       735       720
  648         1         0       720       735       736       721
  649         1         0       721       736       737       722
  650         1         0       722       737       738       723
  651         1         0       723       738       739       724
  652         1         0       724       739       740       725
  653         1         0       725       740       741       726
  654         1         0       726       741       742       727
  655         1         0       727       742        72        73
  656         1         0        44        45       743       728
  657         1         0       728       743       744       729
  658         1         0       729       744       745       730
  659         1         0       730       745       746       731
  660         1         0       731       746       747       732
  661         1         0       732       747       748       733
  662         1         0       733       748       749       734
  663         1         0       734       749       750       735
  664         1         0       735       750       751       736
  665         1         0       736       751       752       737
  666         1         0       737       752       753       738
  667         1         0       738       753       754       739
  668         1         0       739       754       755       740
  669         1         0       740       755       756       741
  670         1         0       741       756       757       742
  671         1         0       742       757        71        72
  672         1         0        45        46       758       743
  673         1         0       743       758       759       744
  674         1         0       744       759       760       745
  675         1         0       745       760       761       746
  676         1         0       746       761       762       747
  677         1         0       747       762       763       748
  678         1         0       748       763       764       749
  679         1         0       749       764       765       750
  680         1         0       750       765       766       751
  681         1         0       751       766       767       752
  682         1         0       752       767       768       753
  683         1         0       753       768       769       754
  684         1         0       754       769       770       755
  685         1         0       755       770       771       756
  686         1         0       756       771       772       757
  687         1         0       757       772        70        71
  688         1         0        46        47       773       758
  689         1         0       758       773       774       759
  690         1         0       759       774       775       760
  691         1         0       760       775       776       761
  692         1         0       761       776       777       762
  693         1         0       762       777       778       763
  694         1         0       763       778       779       764
  695         1         0       764       779       780       765
  696         1         0       765       780       781       766
  697         1         0       766       781       782       767
  698         1         0       767       782       783       768
  699         1         0       768       783       784       769
  700         1         0       769       784       785       770
  701         1         0       770       785       786       771
  702         1         0       771       786       787       772
  703         1         0       772       787        69        70
  704         1         0        47        48       788       773
  705         1         0       773       788       789       774
  706         1         0       774       789       790       775
  707         1         0       775       790       791       776
  708         1         0       776       791       792       777
  709         1         0       777       792       793       778
  710         1         0       778       793       794       779
  711         1         0       779       794       795       780
  712         1         0       780       795       796       781
  713         1         0       781       796       797       782
  714         1         0       782       797       798       783
  715         1         0       783       798       799       784
  716         1         0       784       799       800       785
  717         1         0       785       800       801       786
  718         1         0       786       801       802       787
  719         1         0       787       802        68        69
  720         1         0        48        49       803       788
  721         1         0       788       803       804       789
  722         1         0       789       804       805       790
  723         1         0       790       805       806       791
  724         1         0       791       806       807       792
  725         1         0       792       807       808       793
  726         1         0       793       808       809       794
  727         1         0       794       809       810       795
  728         1         0       795       810       811       796
  729         1         0       796       811       812       797
  730         1         0       797       812       813       798
  731         1         0       798       813       814       799
  732         1         0       799       814       815       800
  733         1         0       800       815       816       801
  734         1         0       801       816       817       802
  735         1         0       802       817        67        68
  736         1         0        49        50       818       803
  737         1         0       803       818       819       804
  738         1         0       804       819       820       805
  739         1         0       805       820       821       806
  740         1         0       806       821       822       807
  741         1         0       807       822       823       808
  742         1         0       808       823       824       809
  743         1         0       809       824       825       810
  744         1         0       810       825       826       811
  745         1         0       811       826       827       812
  746         1         0       812       827       828       813
  747         1         0       813       828       829       814
  748         1         0       814       829       830       815
  749         1         0       815       830       831       816
  750         1         0       816       831       832       817
  751         1         0       817       832        66        67
  752         1         0        50         1        51       818
  753         1         0       818        51        52       819
  754         1         0       819        52        53       820
  755         1         0       820        53        54       821
  756         1         0       821        54        55       822
  757         1         0       822        55        56       823
  758         1         0       823        56        57       824
  759         1         0       824        57        58       825
  760         1         0       825        58        59       826
  761         1         0       826        59        60       827
  762         1         0       827        60        61       828
  763         1         0       828        61        62       829
  764         1         0       829        62        63       830
  765         1         0       830        63        64       831
  766         1         0       831        64        65       832
  767         1         0       832        65         2        66
