    0              0.000000             -4.000000              0              0
    1             24.000000             -4.000000             -1              0
    2             24.000000              4.000000             -1              0
    3              0.000000              4.000000              0              0
    4              0.500000             -4.000000              0              0
    5              1.000000             -4.000000              0              0
    6              1.500000             -4.000000              0              0
    7              2.000000             -4.000000              0              0
    8              2.500000             -4.000000              0              0
    9              3.000000             -4.000000              0              0
   10              3.500000             -4.000000              0              0
   11              4.000000             -4.000000              0              0
   12              4.500000             -4.000000              0              0
   13              5.000000             -4.000000              0              0
   14              5.500000             -4.000000              0              0
   15              6.000000             -4.000000              0              0
   16              6.500000             -4.000000              0              0
   17              7.000000             -4.000000              0              0
   18              7.500000             -4.000000              0              0
   19              8.000000             -4.000000              0              0
   20              8.500000             -4.000000              0              0
   21              9.000000             -4.000000              0              0
   22              9.500000             -4.000000              0              0
   23             10.000000             -4.000000              0              0
   24             10.500000             -4.000000              0              0
   25             11.000000             -4.000000              0              0
   26             11.500000             -4.000000              0              0
   27             12.000000             -4.000000              0              0
   28             12.500000             -4.000000              0              0
   29             13.000000             -4.000000              0              0
   30             13.500000             -4.000000              0              0
   31             14.000000             -4.000000              0              0
   32             14.500000             -4.000000              0              0
   33             15.000000             -4.000000              0              0
   34             15.500000             -4.000000              0              0
   35             16.000000             -4.000000              0              0
   36             16.500000             -4.000000              0              0
   37             17.000000             -4.000000              0              0
   38             17.500000             -4.000000              0              0
   39             18.000000             -4.000000              0              0
   40             18.500000             -4.000000              0              0
   41             19.000000             -4.000000              0              0
   42             19.500000             -4.000000              0              0
   43             20.000000             -4.000000              0              0
   44             20.500000             -4.000000              0              0
   45             21.000000             -4.000000              0              0
   46             21.500000             -4.000000              0              0
   47             22.000000             -4.000000              0              0
   48             22.500000             -4.000000              0              0
   49             23.000000             -4.000000              0              0
   50             23.500000             -4.000000              0              0
   51             24.000000             -3.500000             -1              0
   52             24.000000             -3.000000             -1              0
   53             24.000000             -2.500000             -1              0
   54             24.000000             -2.000000             -1              0
   55             24.000000             -1.500000             -1              0
   56             24.000000             -1.000000             -1              0
   57             24.000000             -0.500000             -1              0
   58             24.000000             -0.000000             -1             -1
   59             24.000000              0.500000             -1              0
   60             24.000000              1.000000             -1              0
   61             24.000000              1.500000             -1              0
   62             24.000000              2.000000             -1              0
   63             24.000000              2.500000             -1              0
   64             24.000000              3.000000             -1              0
   65             24.000000              3.500000             -1              0
   66             23.500000              4.000000              0              0
   67             23.000000              4.000000              0              0
   68             22.500000              4.000000              0              0
   69             22.000000              4.000000              0              0
   70             21.500000              4.000000              0              0
   71             21.000000              4.000000              0              0
   72             20.500000              4.000000              0              0
   73             20.000000              4.000000              0              0
   74             19.500000              4.000000              0              0
   75             19.000000              4.000000              0              0
   76             18.500000              4.000000              0              0
   77             18.000000              4.000000              0              0
   78             17.500000              4.000000              0              0
   79             17.000000              4.000000              0              0
   80             16.500000              4.000000              0              0
   81             16.000000              4.000000              0              0
   82             15.500000              4.000000              0              0
   83             15.000000              4.000000              0              0
   84             14.500000              4.000000              0              0
   85             14.000000              4.000000              0              0
   86             13.500000              4.000000              0              0
   87             13.000000              4.000000              0              0
   88             12.500000              4.000000              0              0
   89             12.000000              4.000000              0              0
   90             11.500000              4.000000              0              0
   91             11.000000              4.000000              0              0
   92             10.500000              4.000000              0              0
   93             10.000000              4.000000              0              0
   94              9.500000              4.000000              0              0
   95              9.000000              4.000000              0              0
   96              8.500000              4.000000              0              0
   97              8.000000              4.000000              0              0
   98              7.500000              4.000000              0              0
   99              7.000000              4.000000              0              0
  100              6.500000              4.000000              0              0
  101              6.000000              4.000000              0              0
  102              5.500000              4.000000              0              0
  103              5.000000              4.000000              0              0
  104              4.500000              4.000000              0              0
  105              4.000000              4.000000              0              0
  106              3.500000              4.000000              0              0
  107              3.000000              4.000000              0              0
  108              2.500000              4.000000              0              0
  109              2.000000              4.000000              0              0
  110              1.500000              4.000000              0              0
  111              1.000000              4.000000              0              0
  112              0.500000              4.000000              0              0
  113              0.000000              3.500000              0              0
  114              0.000000              3.000000              0              0
  115              0.000000              2.500000              0              0
  116              0.000000              2.000000              0              0
  117              0.000000              1.500000              0              0
  118              0.000000              1.000000              0              0
  119              0.000000              0.500000              0              0
  120              0.000000              0.000000              0              0
  121              0.000000             -0.500000              0              0
  122              0.000000             -1.000000              0              0
  123              0.000000             -1.500000              0              0
  124              0.000000             -2.000000              0              0
  125              0.000000             -2.500000              0              0
  126              0.000000             -3.000000              0              0
  127              0.000000             -3.500000              0              0
  128              0.500000             -3.500000              0              0
  129              0.500000             -3.000000              0              0
  130              0.500000             -2.500000              0              0
  131              0.500000             -2.000000              0              0
  132              0.500000             -1.500000              0              0
  133              0.500000             -1.000000              0              0
  134              0.500000             -0.500000              0              0
  135              0.500000              0.000000              0              0
  136              0.500000              0.500000              0              0
  137              0.500000              1.000000              0              0
  138              0.500000              1.500000              0              0
  139              0.500000              2.000000              0              0
  140              0.500000              2.500000              0              0
  141              0.500000              3.000000              0              0
  142              0.500000              3.500000              0              0
  143              1.000000             -3.500000              0              0
  144              1.000000             -3.000000              0              0
  145              1.000000             -2.500000              0              0
  146              1.000000             -2.000000              0              0
  147              1.000000             -1.500000              0              0
  148              1.000000             -1.000000              0              0
  149              1.000000             -0.500000              0              0
  150              1.000000              0.000000              0              0
  151              1.000000              0.500000              0              0
  152              1.000000              1.000000              0              0
  153              1.000000              1.500000              0              0
  154              1.000000              2.000000              0              0
  155              1.000000              2.500000              0              0
  156              1.000000              3.000000              0              0
  157              1.000000              3.500000              0              0
  158              1.500000             -3.500000              0              0
  159              1.500000             -3.000000              0              0
  160              1.500000             -2.500000              0              0
  161              1.500000             -2.000000              0              0
  162              1.500000             -1.500000              0              0
  163              1.500000             -1.000000              0              0
  164              1.500000             -0.500000              0              0
  165              1.500000              0.000000              0              0
  166              1.500000              0.500000              0              0
  167              1.500000              1.000000              0              0
  168              1.500000              1.500000              0              0
  169              1.500000              2.000000              0              0
  170              1.500000              2.500000              0              0
  171              1.500000              3.000000              0              0
  172              1.500000              3.500000              0              0
  173              2.000000             -3.500000              0              0
  174              2.000000             -3.000000              0              0
  175              2.000000             -2.500000              0              0
  176              2.000000             -2.000000              0              0
  177              2.000000             -1.500000              0              0
  178              2.000000             -1.000000              0              0
  179              2.000000             -0.500000              0              0
  180              2.000000              0.000000              0              0
  181              2.000000              0.500000              0              0
  182              2.000000              1.000000              0              0
  183              2.000000              1.500000              0              0
  184              2.000000              2.000000              0              0
  185              2.000000              2.500000              0              0
  186              2.000000              3.000000              0              0
  187              2.000000              3.500000              0              0
  188              2.500000             -3.500000              0              0
  189              2.500000             -3.000000              0              0
  190              2.500000             -2.500000              0              0
  191              2.500000             -2.000000              0              0
  192              2.500000             -1.500000              0              0
  193              2.500000             -1.000000              0              0
  194              2.500000             -0.500000              0              0
  195              2.500000              0.000000              0              0
  196              2.500000              0.500000              0              0
  197              2.500000              1.000000              0              0
  198              2.500000              1.500000              0              0
  199              2.500000              2.000000              0              0
  200              2.500000              2.500000              0              0
  201              2.500000              3.000000              0              0
  202              2.500000              3.500000              0              0
  203              3.000000             -3.500000              0              0
  204              3.000000             -3.000000              0              0
  205              3.000000             -2.500000              0              0
  206              3.000000             -2.000000              0              0
  207              3.000000             -1.500000              0              0
  208              3.000000             -1.000000              0              0
  209              3.000000             -0.500000              0              0
  210              3.000000              0.000000              0              0
  211              3.000000              0.500000              0              0
  212              3.000000              1.000000              0              0
  213              3.000000              1.500000              0              0
  214              3.000000              2.000000              0              0
  215              3.000000              2.500000              0              0
  216              3.000000              3.000000              0              0
  217              3.000000              3.500000              0              0
  218              3.500000             -3.500000              0              0
  219              3.500000             -3.000000              0              0
  220              3.500000             -2.500000              0              0
  221              3.500000             -2.000000              0              0
  222              3.500000             -1.500000              0              0
  223              3.500000             -1.000000              0              0
  224              3.500000             -0.500000              0              0
  225              3.500000              0.000000              0              0
  226              3.500000              0.500000              0              0
  227              3.500000              1.000000              0              0
  228              3.500000              1.500000              0              0
  229              3.500000              2.000000              0              0
  230              3.500000              2.500000              0              0
  231              3.500000              3.000000              0              0
  232              3.500000              3.500000              0              0
  233              4.000000             -3.500000              0              0
  234              4.000000             -3.000000              0              0
  235              4.000000             -2.500000              0              0
  236              4.000000             -2.000000              0              0
  237              4.000000             -1.500000              0              0
  238              4.000000             -1.000000              0              0
  239              4.000000             -0.500000              0              0
  240              4.000000              0.000000              0              0
  241              4.000000              0.500000              0              0
  242              4.000000              1.000000              0              0
  243              4.000000              1.500000              0              0
  244              4.000000              2.000000              0              0
  245              4.000000              2.500000              0              0
  246              4.000000              3.000000              0              0
  247              4.000000              3.500000              0              0
  248              4.500000             -3.500000              0              0
  249              4.500000             -3.000000              0              0
  250              4.500000             -2.500000              0              0
  251              4.500000             -2.000000              0              0
  252              4.500000             -1.500000              0              0
  253              4.500000             -1.000000              0              0
  254              4.500000             -0.500000              0              0
  255              4.500000              0.000000              0              0
  256              4.500000              0.500000              0              0
  257              4.500000              1.000000              0              0
  258              4.500000              1.500000              0              0
  259              4.500000              2.000000              0              0
  260              4.500000              2.500000              0              0
  261              4.500000              3.000000              0              0
  262              4.500000              3.500000              0              0
  263              5.000000             -3.500000              0              0
  264              5.000000             -3.000000              0              0
  265              5.000000             -2.500000              0              0
  266              5.000000             -2.000000              0              0
  267              5.000000             -1.500000              0              0
  268              5.000000             -1.000000              0              0
  269              5.000000             -0.500000              0              0
  270              5.000000              0.000000              0              0
  271              5.000000              0.500000              0              0
  272              5.000000              1.000000              0              0
  273              5.000000              1.500000              0              0
  274              5.000000              2.000000              0              0
  275              5.000000              2.500000              0              0
  276              5.000000              3.000000              0              0
  277              5.000000              3.500000              0              0
  278              5.500000             -3.500000              0              0
  279              5.500000             -3.000000              0              0
  280              5.500000             -2.500000              0              0
  281              5.500000             -2.000000              0              0
  282              5.500000             -1.500000              0              0
  283              5.500000             -1.000000              0              0
  284              5.500000             -0.500000              0              0
  285              5.500000              0.000000              0              0
  286              5.500000              0.500000              0              0
  287              5.500000              1.000000              0              0
  288              5.500000              1.500000              0              0
  289              5.500000              2.000000              0              0
  290              5.500000              2.500000              0              0
  291              5.500000              3.000000              0              0
  292              5.500000              3.500000              0              0
  293              6.000000             -3.500000              0              0
  294              6.000000             -3.000000              0              0
  295              6.000000             -2.500000              0              0
  296              6.000000             -2.000000              0              0
  297              6.000000             -1.500000              0              0
  298              6.000000             -1.000000              0              0
  299              6.000000             -0.500000              0              0
  300              6.000000              0.000000              0              0
  301              6.000000              0.500000              0              0
  302              6.000000              1.000000              0              0
  303              6.000000              1.500000              0              0
  304              6.000000              2.000000              0              0
  305              6.000000              2.500000              0              0
  306              6.000000              3.000000              0              0
  307              6.000000              3.500000              0              0
  308              6.500000             -3.500000              0              0
  309              6.500000             -3.000000              0              0
  310              6.500000             -2.500000              0              0
  311              6.500000             -2.000000              0              0
  312              6.500000             -1.500000              0              0
  313              6.500000             -1.000000              0              0
  314              6.500000             -0.500000              0              0
  315              6.500000              0.000000              0              0
  316              6.500000              0.500000              0              0
  317              6.500000              1.000000              0              0
  318              6.500000              1.500000              0              0
  319              6.500000              2.000000              0              0
  320              6.500000              2.500000              0              0
  321              6.500000              3.000000              0              0
  322              6.500000              3.500000              0              0
  323              7.000000             -3.500000              0              0
  324              7.000000             -3.000000              0              0
  325              7.000000             -2.500000              0              0
  326              7.000000             -2.000000              0              0
  327              7.000000             -1.500000              0              0
  328              7.000000             -1.000000              0              0
  329              7.000000             -0.500000              0              0
  330              7.000000              0.000000              0              0
  331              7.000000              0.500000              0              0
  332              7.000000              1.000000              0              0
  333              7.000000              1.500000              0              0
  334              7.000000              2.000000              0              0
  335              7.000000              2.500000              0              0
  336              7.000000              3.000000              0              0
  337              7.000000              3.500000              0              0
  338              7.500000             -3.500000              0              0
  339              7.500000             -3.000000              0              0
  340              7.500000             -2.500000              0              0
  341              7.500000             -2.000000              0              0
  342              7.500000             -1.500000              0              0
  343              7.500000             -1.000000              0              0
  344              7.500000             -0.500000              0              0
  345              7.500000              0.000000              0              0
  346              7.500000              0.500000              0              0
  347              7.500000              1.000000              0              0
  348              7.500000              1.500000              0              0
  349              7.500000              2.000000              0              0
  350              7.500000              2.500000              0              0
  351              7.500000              3.000000              0              0
  352              7.500000              3.500000              0              0
  353              8.000000             -3.500000              0              0
  354              8.000000             -3.000000              0              0
  355              8.000000             -2.500000              0              0
  356              8.000000             -2.000000              0              0
  357              8.000000             -1.500000              0              0
  358              8.000000             -1.000000              0              0
  359              8.000000             -0.500000              0              0
  360              8.000000              0.000000              0              0
  361              8.000000              0.500000              0              0
  362              8.000000              1.000000              0              0
  363              8.000000              1.500000              0              0
  364              8.000000              2.000000              0              0
  365              8.000000              2.500000              0              0
  366              8.000000              3.000000              0              0
  367              8.000000              3.500000              0              0
  368              8.500000             -3.500000              0              0
  369              8.500000             -3.000000              0              0
  370              8.500000             -2.500000              0              0
  371              8.500000             -2.000000              0              0
  372              8.500000             -1.500000              0              0
  373              8.500000             -1.000000              0              0
  374              8.500000             -0.500000              0              0
  375              8.500000              0.000000              0              0
  376              8.500000              0.500000              0              0
  377              8.500000              1.000000              0              0
  378              8.500000              1.500000              0              0
  379              8.500000              2.000000              0              0
  380              8.500000              2.500000              0              0
  381              8.500000              3.000000              0              0
  382              8.500000              3.500000              0              0
  383              9.000000             -3.500000              0              0
  384              9.000000             -3.000000              0              0
  385              9.000000             -2.500000              0              0
  386              9.000000             -2.000000              0              0
  387              9.000000             -1.500000              0              0
  388              9.000000             -1.000000              0              0
  389              9.000000             -0.500000              0              0
  390              9.000000              0.000000              0              0
  391              9.000000              0.500000              0              0
  392              9.000000              1.000000              0              0
  393              9.000000              1.500000              0              0
  394              9.000000              2.000000              0              0
  395              9.000000              2.500000              0              0
  396              9.000000              3.000000              0              0
  397              9.000000              3.500000              0              0
  398              9.500000             -3.500000              0              0
  399              9.500000             -3.000000              0              0
  400              9.500000             -2.500000              0              0
  401              9.500000             -2.000000              0              0
  402              9.500000             -1.500000              0              0
  403              9.500000             -1.000000              0              0
  404              9.500000             -0.500000              0              0
  405              9.500000              0.000000              0              0
  406              9.500000              0.500000              0              0
  407              9.500000              1.000000              0              0
  408              9.500000              1.500000              0              0
  409              9.500000              2.000000              0              0
  410              9.500000              2.500000              0              0
  411              9.500000              3.000000              0              0
  412              9.500000              3.500000              0              0
  413             10.000000             -3.500000              0              0
  414             10.000000             -3.000000              0              0
  415             10.000000             -2.500000              0              0
  416             10.000000             -2.000000              0              0
  417             10.000000             -1.500000              0              0
  418             10.000000             -1.000000              0              0
  419             10.000000             -0.500000              0              0
  420             10.000000              0.000000              0              0
  421             10.000000              0.500000              0              0
  422             10.000000              1.000000              0              0
  423             10.000000              1.500000              0              0
  424             10.000000              2.000000              0              0
  425             10.000000              2.500000              0              0
  426             10.000000              3.000000              0              0
  427             10.000000              3.500000              0              0
  428             10.500000             -3.500000              0              0
  429             10.500000             -3.000000              0              0
  430             10.500000             -2.500000              0              0
  431             10.500000             -2.000000              0              0
  432             10.500000             -1.500000              0              0
  433             10.500000             -1.000000              0              0
  434             10.500000             -0.500000              0              0
  435             10.500000              0.000000              0              0
  436             10.500000              0.500000              0              0
  437             10.500000              1.000000              0              0
  438             10.500000              1.500000              0              0
  439             10.500000              2.000000              0              0
  440             10.500000              2.500000              0              0
  441             10.500000              3.000000              0              0
  442             10.500000              3.500000              0              0
  443             11.000000             -3.500000              0              0
  444             11.000000             -3.000000              0              0
  445             11.000000             -2.500000              0              0
  446             11.000000             -2.000000              0              0
  447             11.000000             -1.500000              0              0
  448             11.000000             -1.000000              0              0
  449             11.000000             -0.500000              0              0
  450             11.000000              0.000000              0              0
  451             11.000000              0.500000              0              0
  452             11.000000              1.000000              0              0
  453             11.000000              1.500000              0              0
  454             11.000000              2.000000              0              0
  455             11.000000              2.500000              0              0
  456             11.000000              3.000000              0              0
  457             11.000000              3.500000              0              0
  458             11.500000             -3.500000              0              0
  459             11.500000             -3.000000              0              0
  460             11.500000             -2.500000              0              0
  461             11.500000             -2.000000              0              0
  462             11.500000             -1.500000              0              0
  463             11.500000             -1.000000              0              0
  464             11.500000             -0.500000              0              0
  465             11.500000              0.000000              0              0
  466             11.500000              0.500000              0              0
  467             11.500000              1.000000              0              0
  468             11.500000              1.500000              0              0
  469             11.500000              2.000000              0              0
  470             11.500000              2.500000              0              0
  471             11.500000              3.000000              0              0
  472             11.500000              3.500000              0              0
  473             12.000000             -3.500000              0              0
  474             12.000000             -3.000000              0              0
  475             12.000000             -2.500000              0              0
  476             12.000000             -2.000000              0              0
  477             12.000000             -1.500000              0              0
  478             12.000000             -1.000000              0              0
  479             12.000000             -0.500000              0              0
  480             12.000000              0.000000              0              0
  481             12.000000              0.500000              0              0
  482             12.000000              1.000000              0              0
  483             12.000000              1.500000              0              0
  484             12.000000              2.000000              0              0
  485             12.000000              2.500000              0              0
  486             12.000000              3.000000              0              0
  487             12.000000              3.500000              0              0
  488             12.500000             -3.500000              0              0
  489             12.500000             -3.000000              0              0
  490             12.500000             -2.500000              0              0
  491             12.500000             -2.000000              0              0
  492             12.500000             -1.500000              0              0
  493             12.500000             -1.000000              0              0
  494             12.500000             -0.500000              0              0
  495             12.500000             -0.000000              0              0
  496             12.500000              0.500000              0              0
  497             12.500000              1.000000              0              0
  498             12.500000              1.500000              0              0
  499             12.500000              2.000000              0              0
  500             12.500000              2.500000              0              0
  501             12.500000              3.000000              0              0
  502             12.500000              3.500000              0              0
  503             13.000000             -3.500000              0              0
  504             13.000000             -3.000000              0              0
  505             13.000000             -2.500000              0              0
  506             13.000000             -2.000000              0              0
  507             13.000000             -1.500000              0              0
  508             13.000000             -1.000000              0              0
  509             13.000000             -0.500000              0              0
  510             13.000000             -0.000000              0              0
  511             13.000000              0.500000              0              0
  512             13.000000              1.000000              0              0
  513             13.000000              1.500000              0              0
  514             13.000000              2.000000              0              0
  515             13.000000              2.500000              0              0
  516             13.000000              3.000000              0              0
  517             13.000000              3.500000              0              0
  518             13.500000             -3.500000              0              0
  519             13.500000             -3.000000              0              0
  520             13.500000             -2.500000              0              0
  521             13.500000             -2.000000              0              0
  522             13.500000             -1.500000              0              0
  523             13.500000             -1.000000              0              0
  524             13.500000             -0.500000              0              0
  525             13.500000             -0.000000              0              0
  526             13.500000              0.500000              0              0
  527             13.500000              1.000000              0              0
  528             13.500000              1.500000              0              0
  529             13.500000              2.000000              0              0
  530             13.500000              2.500000              0              0
  531             13.500000              3.000000              0              0
  532             13.500000              3.500000              0              0
  533             14.000000             -3.500000              0              0
  534             14.000000             -3.000000              0              0
  535             14.000000             -2.500000              0              0
  536             14.000000             -2.000000              0              0
  537             14.000000             -1.500000              0              0
  538             14.000000             -1.000000              0              0
  539             14.000000             -0.500000              0              0
  540             14.000000             -0.000000              0              0
  541             14.000000              0.500000              0              0
  542             14.000000              1.000000              0              0
  543             14.000000              1.500000              0              0
  544             14.000000              2.000000              0              0
  545             14.000000              2.500000              0              0
  546             14.000000              3.000000              0              0
  547             14.000000              3.500000              0              0
  548             14.500000             -3.500000              0              0
  549             14.500000             -3.000000              0              0
  550             14.500000             -2.500000              0              0
  551             14.500000             -2.000000              0              0
  552             14.500000             -1.500000              0              0
  553             14.500000             -1.000000              0              0
  554             14.500000             -0.500000              0              0
  555             14.500000             -0.000000              0              0
  556             14.500000              0.500000              0              0
  557             14.500000              1.000000              0              0
  558             14.500000              1.500000              0              0
  559             14.500000              2.000000              0              0
  560             14.500000              2.500000              0              0
  561             14.500000              3.000000              0              0
  562             14.500000              3.500000              0              0
  563             15.000000             -3.500000              0              0
  564             15.000000             -3.000000              0              0
  565             15.000000             -2.500000              0              0
  566             15.000000             -2.000000              0              0
  567             15.000000             -1.500000              0              0
  568             15.000000             -1.000000              0              0
  569             15.000000             -0.500000              0              0
  570             15.000000             -0.000000              0              0
  571             15.000000              0.500000              0              0
  572             15.000000              1.000000              0              0
  573             15.000000              1.500000              0              0
  574             15.000000              2.000000              0              0
  575             15.000000              2.500000              0              0
  576             15.000000              3.000000              0              0
  577             15.000000              3.500000              0              0
  578             15.500000             -3.500000              0              0
  579             15.500000             -3.000000              0              0
  580             15.500000             -2.500000              0              0
  581             15.500000             -2.000000              0              0
  582             15.500000             -1.500000              0              0
  583             15.500000             -1.000000              0              0
  584             15.500000             -0.500000              0              0
  585             15.500000             -0.000000              0              0
  586             15.500000              0.500000              0              0
  587             15.500000              1.000000              0              0
  588             15.500000              1.500000              0              0
  589             15.500000              2.000000              0              0
  590             15.500000              2.500000              0              0
  591             15.500000              3.000000              0              0
  592             15.500000              3.500000              0              0
  593             16.000000             -3.500000              0              0
  594             16.000000             -3.000000              0              0
  595             16.000000             -2.500000              0              0
  596             16.000000             -2.000000              0              0
  597             16.000000             -1.500000              0              0
  598             16.000000             -1.000000              0              0
  599             16.000000             -0.500000              0              0
  600             16.000000             -0.000000              0              0
  601             16.000000              0.500000              0              0
  602             16.000000              1.000000              0              0
  603             16.000000              1.500000              0              0
  604             16.000000              2.000000              0              0
  605             16.000000              2.500000              0              0
  606             16.000000              3.000000              0              0
  607             16.000000              3.500000              0              0
  608             16.500000             -3.500000              0              0
  609             16.500000             -3.000000              0              0
  610             16.500000             -2.500000              0              0
  611             16.500000             -2.000000              0              0
  612             16.500000             -1.500000              0              0
  613             16.500000             -1.000000              0              0
  614             16.500000             -0.500000              0              0
  615             16.500000             -0.000000              0              0
  616             16.500000              0.500000              0              0
  617             16.500000              1.000000              0              0
  618             16.500000              1.500000              0              0
  619             16.500000              2.000000              0              0
  620             16.500000              2.500000              0              0
  621             16.500000              3.000000              0              0
  622             16.500000              3.500000              0              0
  623             17.000000             -3.500000              0              0
  624             17.000000             -3.000000              0              0
  625             17.000000             -2.500000              0              0
  626             17.000000             -2.000000              0              0
  627             17.000000             -1.500000              0              0
  628             17.000000             -1.000000              0              0
  629             17.000000             -0.500000              0              0
  630             17.000000             -0.000000              0              0
  631             17.000000              0.500000              0              0
  632             17.000000              1.000000              0              0
  633             17.000000              1.500000              0              0
  634             17.000000              2.000000              0              0
  635             17.000000              2.500000              0              0
  636             17.000000              3.000000              0              0
  637             17.000000              3.500000              0              0
  638             17.500000             -3.500000              0              0
  639             17.500000             -3.000000              0              0
  640             17.500000             -2.500000              0              0
  641             17.500000             -2.000000              0              0
  642             17.500000             -1.500000              0              0
  643             17.500000             -1.000000              0              0
  644             17.500000             -0.500000              0              0
  645             17.500000             -0.000000              0              0
  646             17.500000              0.500000              0              0
  647             17.500000              1.000000              0              0
  648             17.500000              1.500000              0              0
  649             17.500000              2.000000              0              0
  650             17.500000              2.500000              0              0
  651             17.500000              3.000000              0              0
  652             17.500000              3.500000              0              0
  653             18.000000             -3.500000              0              0
  654             18.000000             -3.000000              0              0
  655             18.000000             -2.500000              0              0
  656             18.000000             -2.000000              0              0
  657             18.000000             -1.500000              0              0
  658             18.000000             -1.000000              0              0
  659             18.000000             -0.500000              0              0
  660             18.000000             -0.000000              0              0
  661             18.000000              0.500000              0              0
  662             18.000000              1.000000              0              0
  663             18.000000              1.500000              0              0
  664             18.000000              2.000000              0              0
  665             18.000000              2.500000              0              0
  666             18.000000              3.000000              0              0
  667             18.000000              3.500000              0              0
  668             18.500000             -3.500000              0              0
  669             18.500000             -3.000000              0              0
  670             18.500000             -2.500000              0              0
  671             18.500000             -2.000000              0              0
  672             18.500000             -1.500000              0              0
  673             18.500000             -1.000000              0              0
  674             18.500000             -0.500000              0              0
  675             18.500000             -0.000000              0              0
  676             18.500000              0.500000              0              0
  677             18.500000              1.000000              0              0
  678             18.500000              1.500000              0              0
  679             18.500000              2.000000              0              0
  680             18.500000              2.500000              0              0
  681             18.500000              3.000000              0              0
  682             18.500000              3.500000              0              0
  683             19.000000             -3.500000              0              0
  684             19.000000             -3.000000              0              0
  685             19.000000             -2.500000              0              0
  686             19.000000             -2.000000              0              0
  687             19.000000             -1.500000              0              0
  688             19.000000             -1.000000              0              0
  689             19.000000             -0.500000              0              0
  690             19.000000             -0.000000              0              0
  691             19.000000              0.500000              0              0
  692             19.000000              1.000000              0              0
  693             19.000000              1.500000              0              0
  694             19.000000              2.000000              0              0
  695             19.000000              2.500000              0              0
  696             19.000000              3.000000              0              0
  697             19.000000              3.500000              0              0
  698             19.500000             -3.500000              0              0
  699             19.500000             -3.000000              0              0
  700             19.500000             -2.500000              0              0
  701             19.500000             -2.000000              0              0
  702             19.500000             -1.500000              0              0
  703             19.500000             -1.000000              0              0
  704             19.500000             -0.500000              0              0
  705             19.500000             -0.000000              0              0
  706             19.500000              0.500000              0              0
  707             19.500000              1.000000              0              0
  708             19.500000              1.500000              0              0
  709             19.500000              2.000000              0              0
  710             19.500000              2.500000              0              0
  711             19.500000              3.000000              0              0
  712             19.500000              3.500000              0              0
  713             20.000000             -3.500000              0              0
  714             20.000000             -3.000000              0              0
  715             20.000000             -2.500000              0              0
  716             20.000000             -2.000000              0              0
  717             20.000000             -1.500000              0              0
  718             20.000000             -1.000000              0              0
  719             20.000000             -0.500000              0              0
  720             20.000000             -0.000000              0              0
  721             20.000000              0.500000              0              0
  722             20.000000              1.000000              0              0
  723             20.000000              1.500000              0              0
  724             20.000000              2.000000              0              0
  725             20.000000              2.500000              0              0
  726             20.000000              3.000000              0              0
  727             20.000000              3.500000              0              0
  728             20.500000             -3.500000              0              0
  729             20.500000             -3.000000              0              0
  730             20.500000             -2.500000              0              0
  731             20.500000             -2.000000              0              0
  732             20.500000             -1.500000              0              0
  733             20.500000             -1.000000              0              0
  734             20.500000             -0.500000              0              0
  735             20.500000             -0.000000              0              0
  736             20.500000              0.500000              0              0
  737             20.500000              1.000000              0              0
  738             20.500000              1.500000              0              0
  739             20.500000              2.000000              0              0
  740             20.500000              2.500000              0              0
  741             20.500000              3.000000              0              0
  742             20.500000              3.500000              0              0
  743             21.000000             -3.500000              0              0
  744             21.000000             -3.000000              0              0
  745             21.000000             -2.500000              0              0
  746             21.000000             -2.000000              0              0
  747             21.000000             -1.500000              0              0
  748             21.000000             -1.000000              0              0
  749             21.000000             -0.500000              0              0
  750             21.000000             -0.000000              0              0
  751             21.000000              0.500000              0              0
  752             21.000000              1.000000              0              0
  753             21.000000              1.500000              0              0
  754             21.000000              2.000000              0              0
  755             21.000000              2.500000              0              0
  756             21.000000              3.000000              0              0
  757             21.000000              3.500000              0              0
  758             21.500000             -3.500000              0              0
  759             21.500000             -3.000000              0              0
  760             21.500000             -2.500000              0              0
  761             21.500000             -2.000000              0              0
  762             21.500000             -1.500000              0              0
  763             21.500000             -1.000000              0              0
  764             21.500000             -0.500000              0              0
  765             21.500000             -0.000000              0              0
  766             21.500000              0.500000              0              0
  767             21.500000              1.000000              0              0
  768             21.500000              1.500000              0              0
  769             21.500000              2.000000              0              0
  770             21.500000              2.500000              0              0
  771             21.500000              3.000000              0              0
  772             21.500000              3.500000              0              0
  773             22.000000             -3.500000              0              0
  774             22.000000             -3.000000              0              0
  775             22.000000             -2.500000              0              0
  776             22.000000             -2.000000              0              0
  777             22.000000             -1.500000              0              0
  778             22.000000             -1.000000              0              0
  779             22.000000             -0.500000              0              0
  780             22.000000             -0.000000              0              0
  781             22.000000              0.500000              0              0
  782             22.000000              1.000000              0              0
  783             22.000000              1.500000              0              0
  784             22.000000              2.000000              0              0
  785             22.000000              2.500000              0              0
  786             22.000000              3.000000              0              0
  787             22.000000              3.500000              0              0
  788             22.500000             -3.500000              0              0
  789             22.500000             -3.000000              0              0
  790             22.500000             -2.500000              0              0
  791             22.500000             -2.000000              0              0
  792             22.500000             -1.500000              0              0
  793             22.500000             -1.000000              0              0
  794             22.500000             -0.500000              0              0
  795             22.500000             -0.000000              0              0
  796             22.500000              0.500000              0              0
  797             22.500000              1.000000              0              0
  798             22.500000              1.500000              0              0
  799             22.500000              2.000000              0              0
  800             22.500000              2.500000              0              0
  801             22.500000              3.000000              0              0
  802             22.500000              3.500000              0              0
  803             23.000000             -3.500000              0              0
  804             23.000000             -3.000000              0              0
  805             23.000000             -2.500000              0              0
  806             23.000000             -2.000000              0              0
  807             23.000000             -1.500000              0              0
  808             23.000000             -1.000000              0              0
  809             23.000000             -0.500000              0              0
  810             23.000000             -0.000000              0              0
  811             23.000000              0.500000              0              0
  812             23.000000              1.000000              0              0
  813             23.000000              1.500000              0              0
  814             23.000000              2.000000              0              0
  815             23.000000              2.500000              0              0
  816             23.000000              3.000000              0              0
  817             23.000000              3.500000              0              0
  818             23.500000             -3.500000              0              0
  819             23.500000             -3.000000              0              0
  820             23.500000             -2.500000              0              0
  821             23.500000             -2.000000              0              0
  822             23.500000             -1.500000              0              0
  823             23.500000             -1.000000              0              0
  824             23.500000             -0.500000              0              0
  825             23.500000             -0.000000              0              0
  826             23.500000              0.500000              0              0
  827             23.500000              1.000000              0              0
  828             23.500000              1.500000              0              0
  829             23.500000              2.000000              0              0
  830             23.500000              2.500000              0              0
  831             23.500000              3.000000              0              0
  832             23.500000              3.500000              0              0
