0   0.00    -4.0   0   0
1   2.00    -4.0   0   0
2   4.00    -4.0   0   0
3   6.00    -4.0   0   0
4   8.00    -4.0   0   0
5   10.0    -4.0   0   0
6   12.0    -4.0  -1   0
7   14.0    -4.0   0   0
8   16.0    -4.0   0   0
9   18.0    -4.0   0   0
10  20.0    -4.0   0   0
11  22.0    -4.0   0   0
12  24.0    -4.0   0   0
13  0.00    -2.0   0   0
14  2.00    -2.0   0   0
15  4.00    -2.0   0   0
16  6.00    -2.0   0   0
17  8.00    -2.0   0   0
18  10.0    -2.0   0   0
19  12.0    -2.0   0   0
20  14.0    -2.0   0   0
21  16.0    -2.0   0   0
22  18.0    -2.0   0   0
23  20.0    -2.0   0   0
24  22.0    -2.0   0   0
25  24.0    -2.0  -1   0
26  0.00     0.0   0   0
27  2.00     0.0   0   0
28  4.00     0.0   0   0
29  6.00     0.0   0   0
30  8.00     0.0   0   0
31  10.0     0.0   0   0
32  12.0     0.0   0   0
33  14.0     0.0   0   0
34  16.0     0.0   0   0
35  18.0     0.0   0   0
36  20.0     0.0   0   0
37  22.0     0.0   0   0
38  24.0     0.0  -1  -1
39  0.00     2.0   0   0
40  2.00     2.0   0   0
41  4.00     2.0   0   0
42  6.00     2.0   0   0
43  8.00     2.0   0   0
44  10.0     2.0   0   0
45  12.0     2.0   0   0
46  14.0     2.0   0   0
47  16.0     2.0   0   0
48  18.0     2.0   0   0
49  20.0     2.0   0   0
50  22.0     2.0   0   0
51  24.0     2.0  -1   0
52  0.00     4.0   0   0
53  2.00     4.0   0   0
54  4.00     4.0   0   0
55  6.00     4.0   0   0
56  8.00     4.0   0   0
57  10.0     4.0   0   0
58  12.0     4.0   0   0
59  14.0     4.0   0   0
60  16.0     4.0   0   0
61  18.0     4.0   0   0
62  20.0     4.0   0   0
63  22.0     4.0   0   0
64  24.0     4.0  -1   0




