    0         2         0        53       101       106       137       138       139
    1         2         0        16       106       101       140       138       141
    2         2         0        17        18       118        38       142       143
    3         2         0        53        54       101        74       144       137
    4         2         0        15        16       101        36       141       145
    5         2         0        95       104       105       146       147       148
    6         2         0        96       105       104       149       147       150
    7         2         0         6         7       102        27       151       152
    8         2         0        62        63       103        83       153       154
    9         2         0        87       124       128       155       156       157
   10         2         0        89       129       124       158       159       160
   11         2         0        17       118       106       143       161       162
   12         2         0        94       134       112       163       164       165
   13         2         0       100       112       134       166       164       167
   14         2         0        99       128       124       168       156       169
   15         2         0       100       124       129       170       159       171
   16         2         0        54       111       101       172       173       144
   17         2         0        16        17       106        37       162       140
   18         2         0        52        53       106        73       139       174
   19         2         0        60        61       105        81       175       176
   20         2         0         8         9       104        29       177       178
   21         2         0        96       107       108       179       180       181
   22         2         0        62       103       117       154       182       183
   23         2         0         7       116       102       184       185       151
   24         2         0        94       102       133       186       187       188
   25         2         0        94       133       103       188       189       190
   26         2         0        87        88       124        91       191       155
   27         2         0        88        89       124        92       160       191
   28         2         0        15       101       123       145       192       193
   29         2         0        18       110       118       194       195       142
   30         2         0        97       108       107       196       180       197
   31         2         0         6       102       112       152       198       199
   32         2         0        63       113       103       200       201       153
   33         2         0        10        11       107        31       202       203
   34         2         0        94       112       102       165       198       186
   35         2         0        94       103       113       190       201       204
   36         2         0       103       133       117       189       205       182
   37         2         0       102       116       133       185       206       187
   38         2         0        60       105       120       176       207       208
   39         2         0         9       121       104       209       210       177
   40         2         0        97       109       115       211       212       213
   41         2         0        95       117       133       214       205       215
   42         2         0        95       133       116       215       206       216
   43         2         0        99       134       113       217       218       219
   44         2         0        96       120       105       220       207       149
   45         2         0        96       104       121       150       210       221
   46         2         0        12        13       109        33       222       223
   47         2         0        94       113       134       204       218       163
   48         2         0        96       108       120       181       224       220
   49         2         0        98       115       109       225       212       226
   50         2         0        58        59       108        79       227       228
   51         2         0         8       104       116       178       229       230
   52         2         0        95       116       104       216       229       146
   53         2         0        95       105       117       148       231       214
   54         2         0        61       117       105       232       231       175
   55         2         0        11       126       107       233       234       202
   56         2         0        98       123       111       235       236       237
   57         2         0        50        51       110        71       238       239
   58         2         0        18        19       110        39       240       194
   59         2         0        97       115       125       213       241       242
   60         2         0        52       106       118       174       161       243
   61         2         0        54        55       111        75       244       172
   62         2         0        97       107       126       197       234       245
   63         2         0        98       132       123       246       247       235
   64         2         0        13       132       109       248       249       222
   65         2         0        50       110       114       239       250       251
   66         2         0        19       114       110       252       250       240
   67         2         0         5         6       112        26       199       253
   68         2         0        63        64       113        84       254       200
   69         2         0        10       107       121       203       255       256
   70         2         0        96       121       107       221       255       179
   71         2         0       101       111       123       173       236       192
   72         2         0        97       125       108       242       257       196
   73         2         0        98       109       132       226       249       246
   74         2         0        59       120       108       258       224       227
   75         2         0        99       113       135       219       259       260
   76         2         0       100       136       112       261       262       166
   77         2         0        58       108       125       228       257       263
   78         2         0        49        50       114        70       251       264
   79         2         0        19        20       114        40       265       252
   80         2         0        98       131       115       266       267       225
   81         2         0        51       118       110       268       195       238
   82         2         0        97       126       109       245       269       211
   83         2         0        12       109       126       223       269       270
   84         2         0        51        52       118        72       243       268
   85         2         0        56        57       115        77       271       272
   86         2         0        49       114       119       264       273       274
   87         2         0        20       119       114       275       273       265
   88         2         0        55       131       111       276       277       244
   89         2         0        98       111       131       237       277       266
   90         2         0         3       128        65       278       279        86
   91         2         0         0         4       129        24       280       281
   92         2         0         3        87       128        90       157       278
   93         2         0         0       129        89       281       158        93
   94         2         0         7         8       116        28       230       184
   95         2         0        61        62       117        82       183       232
   96         2         0        20        21       119        41       282       275
   97         2         0        48        49       119        69       274       283
   98         2         0         5       112       136       253       262       284
   99         2         0        64       135       113       285       259       254
  100         2         0        57       125       115       286       241       271
  101         2         0        21       122       119       287       288       282
  102         2         0        48       119       122       283       288       289
  103         2         0        56       115       131       272       267       290
  104         2         0        59        60       120        80       208       258
  105         2         0         9        10       121        30       256       209
  106         2         0        21        22       122        42       291       287
  107         2         0        47        48       122        68       289       292
  108         2         0        14        15       123        35       193       293
  109         2         0        22       127       122       294       295       291
  110         2         0        47       122       127       292       295       296
  111         2         0         1         2       130        45       297       298
  112         2         0        57        58       125        78       263       286
  113         2         0        11        12       126        32       270       233
  114         2         0        14       123       132       293       247       299
  115         2         0        22        23       127        43       300       294
  116         2         0        46        47       127        67       296       301
  117         2         0        46       127       130       301       302       303
  118         2         0        23       130       127       304       302       300
  119         2         0         1       130        23       298       304        44
  120         2         0         2        46       130        66       303       297
  121         2         0        55        56       131        76       290       276
  122         2         0        13        14       132        34       299       248
  123         2         0         4         5       136        25       284       305
  124         2         0        64        65       135        85       306       285
  125         2         0       100       134       124       167       307       170
  126         2         0        99       124       134       169       307       217
  127         2         0        65       128       135       279       308       306
  128         2         0         4       136       129       305       309       280
  129         2         0        99       135       128       260       308       168
  130         2         0       100       129       136       171       309       261
