    0              0.000000             -1.000000             -1             -1
    1             10.000000             -0.250000              0              0
    2             10.000000              0.250000              0              0
    3              0.000000              1.000000             -1             -1
    4              0.476190             -0.964286              0              0
    5              0.952381             -0.928571              0              0
    6              1.428571             -0.892857              0              0
    7              1.904762             -0.857143              0              0
    8              2.380952             -0.821429              0              0
    9              2.857143             -0.785714              0              0
   10              3.333333             -0.750000              0              0
   11              3.809524             -0.714286              0              0
   12              4.285714             -0.678571              0              0
   13              4.761905             -0.642857              0              0
   14              5.238095             -0.607143              0              0
   15              5.714286             -0.571429              0              0
   16              6.190476             -0.535714              0              0
   17              6.666667             -0.500000              0              0
   18              7.142857             -0.464286              0              0
   19              7.619048             -0.428571              0              0
   20              8.095238             -0.392857              0              0
   21              8.571429             -0.357143              0              0
   22              9.047619             -0.321429              0              0
   23              9.523810             -0.285714              0              0
   24              0.238095             -0.982143              0              0
   25              0.714286             -0.946429              0              0
   26              1.190476             -0.910714              0              0
   27              1.666667             -0.875000              0              0
   28              2.142857             -0.839286              0              0
   29              2.619048             -0.803571              0              0
   30              3.095238             -0.767857              0              0
   31              3.571429             -0.732143              0              0
   32              4.047619             -0.696429              0              0
   33              4.523810             -0.660714              0              0
   34              5.000000             -0.625000              0              0
   35              5.476190             -0.589286              0              0
   36              5.952381             -0.553571              0              0
   37              6.428571             -0.517857              0              0
   38              6.904762             -0.482143              0              0
   39              7.380952             -0.446429              0              0
   40              7.857143             -0.410714              0              0
   41              8.333333             -0.375000              0              0
   42              8.809524             -0.339286              0              0
   43              9.285714             -0.303571              0              0
   44              9.761905             -0.267857              0              0
   45             10.000000             -0.000000              0              0
   46              9.523810              0.285714              0              0
   47              9.047619              0.321429              0              0
   48              8.571429              0.357143              0              0
   49              8.095238              0.392857              0              0
   50              7.619048              0.428571              0              0
   51              7.142857              0.464286              0              0
   52              6.666667              0.500000              0              0
   53              6.190476              0.535714              0              0
   54              5.714286              0.571429              0              0
   55              5.238095              0.607143              0              0
   56              4.761905              0.642857              0              0
   57              4.285714              0.678571              0              0
   58              3.809524              0.714286              0              0
   59              3.333333              0.750000              0              0
   60              2.857143              0.785714              0              0
   61              2.380952              0.821429              0              0
   62              1.904762              0.857143              0              0
   63              1.428571              0.892857              0              0
   64              0.952381              0.928571              0              0
   65              0.476190              0.964286              0              0
   66              9.761905              0.267857              0              0
   67              9.285714              0.303571              0              0
   68              8.809524              0.339286              0              0
   69              8.333333              0.375000              0              0
   70              7.857143              0.410714              0              0
   71              7.380952              0.446429              0              0
   72              6.904762              0.482143              0              0
   73              6.428571              0.517857              0              0
   74              5.952381              0.553571              0              0
   75              5.476190              0.589286              0              0
   76              5.000000              0.625000              0              0
   77              4.523810              0.660714              0              0
   78              4.047619              0.696429              0              0
   79              3.571429              0.732143              0              0
   80              3.095238              0.767857              0              0
   81              2.619048              0.803571              0              0
   82              2.142857              0.839286              0              0
   83              1.666667              0.875000              0              0
   84              1.190476              0.910714              0              0
   85              0.714286              0.946429              0              0
   86              0.238095              0.982143              0              0
   87              0.000000              0.500000             -1             -1
   88              0.000000              0.000000             -1             -1
   89              0.000000             -0.500000             -1             -1
   90              0.000000              0.750000             -1             -1
   91              0.000000              0.250000             -1             -1
   92              0.000000             -0.250000             -1             -1
   93              0.000000             -0.750000             -1             -1
   94              1.328608              0.005104              0              0
   95              2.213785             -0.000000              0              0
   96              3.037649             -0.000000              0              0
   97              3.995387             -0.000000              0              0
   98              4.961046             -0.003905              0              0
   99              0.623908              0.356447              0              0
  100              0.653005             -0.352751              0              0
  101              5.878174             -0.016436              0              0
  102              1.606705             -0.446922              0              0
  103              1.606705              0.448624              0              0
  104              2.591431             -0.306539              0              0
  105              2.609155              0.310695              0              0
  106              6.415545              0.010658              0              0
  107              3.543812             -0.285806              0              0
  108              3.544782              0.284034              0              0
  109              4.500393             -0.258066              0              0
  110              7.375160              0.013397              0              0
  111              5.370519              0.209224              0              0
  112              1.061260             -0.468175              0              0
  113              1.057103              0.479153              0              0
  114              7.851490              0.002233              0              0
  115              4.501281              0.258032              0              0
  116              2.070194             -0.405339              0              0
  117              2.084796              0.419772              0              0
  118              6.901625              0.004009              0              0
  119              8.328150              0.000372              0              0
  120              3.076412              0.426089              0              0
  121              3.072674             -0.425612              0              0
  122              8.804865              0.000062              0              0
  123              5.357014             -0.224590              0              0
  124              0.360849              0.003064              0              0
  125              4.024555              0.388914              0              0
  126              4.024555             -0.388914              0              0
  127              9.281590              0.000010              0              0
  128              0.359357              0.585941              0              0
  129              0.364206             -0.584303              0              0
  130              9.722039              0.000001              0              0
  131              4.979964              0.357851              0              0
  132              4.979964             -0.357851              0              0
  133              1.791341              0.002528              0              0
  134              0.847456              0.003807              0              0
  135              0.695192              0.691848              0              0
  136              0.696810             -0.683458              0              0
  137              6.034325              0.259639              0              0
  138              6.146860             -0.002889              0              0
  139              6.303011              0.273186              0              0
  140              6.303011             -0.262528              0              0
  141              6.034325             -0.276075              0              0
  142              7.022241             -0.230138              0              0
  143              6.784146             -0.247995              0              0
  144              5.796230              0.277496              0              0
  145              5.796230             -0.293932              0              0
  146              2.402608             -0.153270              0              0
  147              2.600293              0.002078              0              0
  148              2.411470              0.155347              0              0
  149              2.823402              0.155347              0              0
  150              2.814540             -0.153270              0              0
  151              1.755733             -0.652033              0              0
  152              1.517638             -0.669890              0              0
  153              1.517638              0.670740              0              0
  154              1.755733              0.652883              0              0
  155              0.180425              0.251532              0              0
  156              0.360103              0.294502              0              0
  157              0.179678              0.542970              0              0
  158              0.182103             -0.542152              0              0
  159              0.362528             -0.290620              0              0
  160              0.180425             -0.248468              0              0
  161              6.658585              0.007334              0              0
  162              6.541106             -0.244671              0              0
  163              1.088032              0.004455              0              0
  164              0.954358             -0.232184              0              0
  165              1.194934             -0.231535              0              0
  166              0.857132             -0.410463              0              0
  167              0.750230             -0.174472              0              0
  168              0.491632              0.471194              0              0
  169              0.492379              0.179756              0              0
  170              0.506927             -0.174844              0              0
  171              0.508606             -0.468527              0              0
  172              5.542402              0.390326              0              0
  173              5.624347              0.096394              0              0
  174              6.541106              0.255329              0              0
  175              2.495054              0.566062              0              0
  176              2.733149              0.548204              0              0
  177              2.724287             -0.546127              0              0
  178              2.486192             -0.563984              0              0
  179              3.290730             -0.142903              0              0
  180              3.544297             -0.000886              0              0
  181              3.291215              0.142017              0              0
  182              1.845751              0.434198              0              0
  183              1.994779              0.638458              0              0
  184              1.987478             -0.631241              0              0
  185              1.838450             -0.426131              0              0
  186              1.467657             -0.220909              0              0
  187              1.699023             -0.222197              0              0
  188              1.559975              0.003816              0              0
  189              1.699023              0.225576              0              0
  190              1.467657              0.226864              0              0
  191              0.180425              0.001532              0              0
  192              5.617594             -0.120513              0              0
  193              5.535650             -0.398009              0              0
  194              7.259009             -0.225444              0              0
  195              7.138393              0.008703              0              0
  196              3.770084              0.142017              0              0
  197              3.769599             -0.142903              0              0
  198              1.333982             -0.457549              0              0
  199              1.244916             -0.680516              0              0
  200              1.242837              0.686005              0              0
  201              1.331904              0.463889              0              0
  202              3.676668             -0.500046              0              0
  203              3.438573             -0.517903              0              0
  204              1.192856              0.242129              0              0
  205              1.938069              0.211150              0              0
  206              1.930768             -0.201405              0              0
  207              2.842784              0.368392              0              0
  208              2.966778              0.605901              0              0
  209              2.964908             -0.605663              0              0
  210              2.832052             -0.366076              0              0
  211              4.247890             -0.129033              0              0
  212              4.500837             -0.000017              0              0
  213              4.248334              0.129016              0              0
  214              2.149291              0.209886              0              0
  215              2.002563              0.001264              0              0
  216              2.141989             -0.202669              0              0
  217              0.735682              0.180127              0              0
  218              0.952279              0.241480              0              0
  219              0.840506              0.417800              0              0
  220              3.057031              0.213044              0              0
  221              3.055161             -0.212806              0              0
  222              4.631149             -0.450462              0              0
  223              4.393054             -0.468319              0              0
  224              3.310597              0.355061              0              0
  225              4.731164              0.127063              0              0
  226              4.730720             -0.130986              0              0
  227              3.439058              0.517017              0              0
  228              3.677153              0.499160              0              0
  229              2.330812             -0.355939              0              0
  230              2.225573             -0.613384              0              0
  231              2.346976              0.365233              0              0
  232              2.232874              0.620600              0              0
  233              3.917040             -0.551600              0              0
  234              3.784184             -0.337360              0              0
  235              5.159030             -0.114248              0              0
  236              5.363767             -0.007683              0              0
  237              5.165783              0.102660              0              0
  238              7.259009              0.238842              0              0
  239              7.497104              0.220984              0              0
  240              7.497104             -0.207587              0              0
  241              4.262918              0.323473              0              0
  242              4.009971              0.194457              0              0
  243              6.784146              0.252005              0              0
  244              5.304307              0.408184              0              0
  245              4.009971             -0.194457              0              0
  246              4.970505             -0.180878              0              0
  247              5.168489             -0.291221              0              0
  248              4.870934             -0.500354              0              0
  249              4.740178             -0.307959              0              0
  250              7.613325              0.007815              0              0
  251              7.735269              0.215402              0              0
  252              7.735269             -0.213169              0              0
  253              1.006820             -0.698373              0              0
  254              1.004742              0.703862              0              0
  255              3.308243             -0.355709              0              0
  256              3.203003             -0.587806              0              0
  257              3.784669              0.336474              0              0
  258              3.204873              0.588044              0              0
  259              0.876148              0.585501              0              0
  260              0.659550              0.524147              0              0
  261              0.674908             -0.518105              0              0
  262              0.879035             -0.575816              0              0
  263              3.917040              0.551600              0              0
  264              7.973364              0.197545              0              0
  265              7.973364             -0.195312              0              0
  266              4.970505              0.176973              0              0
  267              4.740622              0.307942              0              0
  268              7.022241              0.234147              0              0
  269              4.262474             -0.323490              0              0
  270              4.155135             -0.533743              0              0
  271              4.393497              0.468302              0              0
  272              4.631593              0.450444              0              0
  273              8.089820              0.001303              0              0
  274              8.211694              0.196615              0              0
  275              8.211694             -0.196242              0              0
  276              5.109030              0.482497              0              0
  277              5.175241              0.283538              0              0
  278              0.179678              0.792970              0              0
  279              0.417774              0.775113              0              0
  280              0.420198             -0.774295              0              0
  281              0.182103             -0.792152              0              0
  282              8.449789             -0.178385              0              0
  283              8.449789              0.178758              0              0
  284              0.824596             -0.806015              0              0
  285              0.823787              0.810210              0              0
  286              4.155135              0.533743              0              0
  287              8.688147             -0.178540              0              0
  288              8.566508              0.000217              0              0
  289              8.688147              0.178602              0              0
  290              4.870934              0.500354              0              0
  291              8.926242             -0.160683              0              0
  292              8.926242              0.160745              0              0
  293              5.297555             -0.415866              0              0
  294              9.164604             -0.160709              0              0
  295              9.043227              0.000036              0              0
  296              9.164604              0.160719              0              0
  297              9.861019              0.125000              0              0
  298              9.861019             -0.125000              0              0
  299              5.109030             -0.482497              0              0
  300              9.402700             -0.142852              0              0
  301              9.402700              0.142862              0              0
  302              9.501814              0.000005              0              0
  303              9.622924              0.142857              0              0
  304              9.622924             -0.142857              0              0
  305              0.586500             -0.823872              0              0
  306              0.585691              0.828067              0              0
  307              0.604152              0.003436              0              0
  308              0.527274              0.638894              0              0
  309              0.530508             -0.633881              0              0
