0 3 0 5 64 206
1 3 0 64 205 206
2 3 0 64 6 205
3 3 0 206 205 196
4 3 0 47 207 48
5 3 0 207 208 48
6 3 0 207 195 208
7 3 0 48 208 49
8 3 0 76 77 210
9 3 0 77 209 210
10 3 0 77 78 209
11 3 0 210 209 195
12 3 0 41 211 42
13 3 0 211 212 42
14 3 0 211 194 212
15 3 0 42 212 43
16 3 0 70 71 214
17 3 0 71 213 214
18 3 0 71 72 213
19 3 0 214 213 194
20 3 0 39 215 40
21 3 0 215 216 40
22 3 0 215 197 216
23 3 0 40 216 41
24 3 0 68 69 218
25 3 0 69 217 218
26 3 0 69 70 217
27 3 0 218 217 197
28 3 0 39 219 215
29 3 0 219 220 215
30 3 0 219 193 220
31 3 0 215 220 197
32 3 0 68 218 221
33 3 0 218 220 221
34 3 0 218 197 220
35 3 0 221 220 193
36 3 0 3 58 223
37 3 0 58 222 223
38 3 0 58 57 222
39 3 0 223 222 200
40 3 0 4 224 87
41 3 0 224 225 87
42 3 0 224 200 225
43 3 0 87 225 86
44 3 0 51 226 52
45 3 0 226 227 52
46 3 0 226 201 227
47 3 0 52 227 53
48 3 0 53 228 54
49 3 0 228 229 54
50 3 0 228 202 229
51 3 0 54 229 55
52 3 0 55 230 56
53 3 0 230 231 56
54 3 0 230 203 231
55 3 0 56 231 57
56 3 0 80 81 233
57 3 0 81 232 233
58 3 0 81 82 232
59 3 0 233 232 201
60 3 0 82 83 235
61 3 0 83 234 235
62 3 0 83 84 234
63 3 0 235 234 202
64 3 0 84 85 237
65 3 0 85 236 237
66 3 0 85 86 236
67 3 0 237 236 203
68 3 0 49 238 50
69 3 0 238 239 50
70 3 0 238 204 239
71 3 0 50 239 51
72 3 0 78 79 241
73 3 0 79 240 241
74 3 0 79 80 240
75 3 0 241 240 204
76 3 0 47 242 207
77 3 0 242 243 207
78 3 0 242 198 243
79 3 0 207 243 195
80 3 0 76 210 244
81 3 0 210 243 244
82 3 0 210 195 243
83 3 0 244 243 198
84 3 0 43 212 246
85 3 0 212 245 246
86 3 0 212 194 245
87 3 0 246 245 199
88 3 0 72 247 213
89 3 0 247 245 213
90 3 0 247 199 245
91 3 0 213 245 194
92 3 0 37 248 38
93 3 0 248 219 38
94 3 0 248 193 219
95 3 0 38 219 39
96 3 0 66 67 249
97 3 0 67 221 249
98 3 0 67 68 221
99 3 0 249 221 193
100 3 0 37 250 248
101 3 0 250 251 248
102 3 0 250 196 251
103 3 0 248 251 193
104 3 0 66 249 252
105 3 0 249 251 252
106 3 0 249 193 251
107 3 0 252 251 196
108 3 0 41 253 211
109 3 0 253 214 211
110 3 0 253 70 214
111 3 0 211 214 194
112 3 0 49 208 254
113 3 0 208 209 254
114 3 0 208 195 209
115 3 0 254 209 78
116 3 0 41 216 253
117 3 0 216 217 253
118 3 0 216 197 217
119 3 0 253 217 70
120 3 0 45 255 46
121 3 0 255 242 46
122 3 0 255 198 242
123 3 0 46 242 47
124 3 0 74 75 256
125 3 0 75 244 256
126 3 0 75 76 244
127 3 0 256 244 198
128 3 0 45 257 255
129 3 0 257 258 255
130 3 0 257 199 258
131 3 0 255 258 198
132 3 0 74 256 259
133 3 0 256 258 259
134 3 0 256 198 258
135 3 0 259 258 199
136 3 0 5 206 36
137 3 0 206 250 36
138 3 0 206 196 250
139 3 0 36 250 37
140 3 0 6 65 205
141 3 0 65 252 205
142 3 0 65 66 252
143 3 0 205 252 196
144 3 0 3 223 88
145 3 0 223 224 88
146 3 0 223 200 224
147 3 0 88 224 4
148 3 0 49 254 238
149 3 0 254 241 238
150 3 0 254 78 241
151 3 0 238 241 204
152 3 0 51 260 226
153 3 0 260 233 226
154 3 0 260 80 233
155 3 0 226 233 201
156 3 0 51 239 260
157 3 0 239 240 260
158 3 0 239 204 240
159 3 0 260 240 80
160 3 0 53 227 261
161 3 0 227 232 261
162 3 0 227 201 232
163 3 0 261 232 82
164 3 0 53 261 228
165 3 0 261 235 228
166 3 0 261 82 235
167 3 0 228 235 202
168 3 0 55 229 262
169 3 0 229 234 262
170 3 0 229 202 234
171 3 0 262 234 84
172 3 0 55 262 230
173 3 0 262 237 230
174 3 0 262 84 237
175 3 0 230 237 203
176 3 0 57 263 222
177 3 0 263 225 222
178 3 0 263 86 225
179 3 0 222 225 200
180 3 0 57 231 263
181 3 0 231 236 263
182 3 0 231 203 236
183 3 0 263 236 86
184 3 0 43 246 44
185 3 0 246 257 44
186 3 0 246 199 257
187 3 0 44 257 45
188 3 0 72 73 247
189 3 0 73 259 247
190 3 0 73 74 259
191 3 0 247 259 199
192 3 1 20 108 110
193 3 1 108 109 110
194 3 1 108 45 109
195 3 1 110 109 105
196 3 1 18 111 113
197 3 1 111 112 113
198 3 1 111 105 112
199 3 1 113 112 49
200 3 1 20 114 108
201 3 1 114 115 108
202 3 1 114 99 115
203 3 1 108 115 45
204 3 1 18 113 117
205 3 1 113 116 117
206 3 1 113 49 116
207 3 1 117 116 100
208 3 1 24 25 119
209 3 1 25 118 119
210 3 1 25 26 118
211 3 1 119 118 91
212 3 1 12 13 121
213 3 1 13 120 121
214 3 1 13 14 120
215 3 1 121 120 92
216 3 1 24 119 123
217 3 1 119 122 123
218 3 1 119 91 122
219 3 1 123 122 95
220 3 1 14 124 120
221 3 1 124 125 120
222 3 1 124 96 125
223 3 1 120 125 92
224 3 1 1 30 127
225 3 1 30 126 127
226 3 1 30 2 126
227 3 1 127 126 93
228 3 1 0 128 8
229 3 1 128 129 8
230 3 1 128 94 129
231 3 1 8 129 7
232 3 1 2 31 126
233 3 1 31 130 126
234 3 1 31 32 130
235 3 1 126 130 93
236 3 1 7 129 63
237 3 1 129 131 63
238 3 1 129 94 131
239 3 1 63 131 62
240 3 1 10 132 134
241 3 1 132 133 134
242 3 1 132 97 133
243 3 1 134 133 94
244 3 1 28 135 137
245 3 1 135 136 137
246 3 1 135 93 136
247 3 1 137 136 98
248 3 1 22 23 138
249 3 1 23 123 138
250 3 1 23 24 123
251 3 1 138 123 95
252 3 1 14 15 124
253 3 1 15 139 124
254 3 1 15 16 139
255 3 1 124 139 96
256 3 1 90 140 141
257 3 1 140 133 141
258 3 1 140 94 133
259 3 1 141 133 97
260 3 1 89 142 143
261 3 1 142 136 143
262 3 1 142 98 136
263 3 1 143 136 93
264 3 1 45 46 109
265 3 1 46 144 109
266 3 1 46 47 144
267 3 1 109 144 105
268 3 1 47 48 144
269 3 1 48 112 144
270 3 1 48 49 112
271 3 1 144 112 105
272 3 1 22 138 146
273 3 1 138 145 146
274 3 1 138 95 145
275 3 1 146 145 99
276 3 1 16 147 139
277 3 1 147 148 139
278 3 1 147 100 148
279 3 1 139 148 96
280 3 1 20 21 114
281 3 1 21 146 114
282 3 1 21 22 146
283 3 1 114 146 99
284 3 1 16 17 147
285 3 1 17 117 147
286 3 1 17 18 117
287 3 1 147 117 100
288 3 1 39 40 150
289 3 1 40 149 150
290 3 1 40 41 149
291 3 1 150 149 91
292 3 1 53 54 152
293 3 1 54 151 152
294 3 1 54 55 151
295 3 1 152 151 92
296 3 1 53 152 153
297 3 1 152 125 153
298 3 1 152 92 125
299 3 1 153 125 96
300 3 1 41 154 149
301 3 1 154 122 149
302 3 1 154 95 122
303 3 1 149 122 91
304 3 1 37 155 157
305 3 1 155 156 157
306 3 1 155 104 156
307 3 1 157 156 101
308 3 1 57 158 160
309 3 1 158 159 160
310 3 1 158 102 159
311 3 1 160 159 103
312 3 1 0 9 128
313 3 1 9 134 128
314 3 1 9 10 134
315 3 1 128 134 94
316 3 1 1 127 29
317 3 1 127 135 29
318 3 1 127 93 135
319 3 1 29 135 28
320 3 1 37 38 155
321 3 1 38 161 155
322 3 1 38 39 161
323 3 1 155 161 104
324 3 1 55 56 162
325 3 1 56 160 162
326 3 1 56 57 160
327 3 1 162 160 103
328 3 1 5 163 35
329 3 1 163 164 35
330 3 1 163 101 164
331 3 1 35 164 34
332 3 1 5 36 163
333 3 1 36 157 163
334 3 1 36 37 157
335 3 1 163 157 101
336 3 1 3 165 58
337 3 1 165 158 58
338 3 1 165 102 158
339 3 1 58 158 57
340 3 1 3 59 165
341 3 1 59 166 165
342 3 1 59 60 166
343 3 1 165 166 102
344 3 1 41 42 154
345 3 1 42 167 154
346 3 1 42 43 167
347 3 1 154 167 95
348 3 1 51 52 168
349 3 1 52 153 168
350 3 1 52 53 153
351 3 1 168 153 96
352 3 1 12 121 170
353 3 1 121 169 170
354 3 1 121 92 169
355 3 1 170 169 97
356 3 1 26 171 118
357 3 1 171 172 118
358 3 1 171 98 172
359 3 1 118 172 91
360 3 1 90 173 174
361 3 1 173 159 174
362 3 1 173 103 159
363 3 1 174 159 102
364 3 1 89 175 176
365 3 1 175 156 176
366 3 1 175 101 156
367 3 1 176 156 104
368 3 1 10 11 132
369 3 1 11 170 132
370 3 1 11 12 170
371 3 1 132 170 97
372 3 1 26 27 171
373 3 1 27 137 171
374 3 1 27 28 137
375 3 1 171 137 98
376 3 1 39 150 161
377 3 1 150 177 161
378 3 1 150 91 177
379 3 1 161 177 104
380 3 1 55 162 151
381 3 1 162 178 151
382 3 1 162 103 178
383 3 1 151 178 92
384 3 1 43 179 167
385 3 1 179 145 167
386 3 1 179 99 145
387 3 1 167 145 95
388 3 1 51 168 180
389 3 1 168 148 180
390 3 1 168 96 148
391 3 1 180 148 100
392 3 1 49 50 116
393 3 1 50 180 116
394 3 1 50 51 180
395 3 1 116 180 100
396 3 1 43 44 179
397 3 1 44 115 179
398 3 1 44 45 115
399 3 1 179 115 99
400 3 1 32 33 182
401 3 1 33 181 182
402 3 1 33 34 181
403 3 1 182 181 107
404 3 1 60 61 184
405 3 1 61 183 184
406 3 1 61 62 183
407 3 1 184 183 106
408 3 1 18 19 111
409 3 1 19 110 111
410 3 1 19 20 110
411 3 1 111 110 105
412 3 1 32 182 130
413 3 1 182 185 130
414 3 1 182 107 185
415 3 1 130 185 93
416 3 1 62 131 183
417 3 1 131 186 183
418 3 1 131 94 186
419 3 1 183 186 106
420 3 1 89 143 187
421 3 1 143 185 187
422 3 1 143 93 185
423 3 1 187 185 107
424 3 1 90 188 140
425 3 1 188 186 140
426 3 1 188 106 186
427 3 1 140 186 94
428 3 1 91 172 177
429 3 1 172 189 177
430 3 1 172 98 189
431 3 1 177 189 104
432 3 1 92 178 169
433 3 1 178 190 169
434 3 1 178 103 190
435 3 1 169 190 97
436 3 1 89 176 142
437 3 1 176 189 142
438 3 1 176 104 189
439 3 1 142 189 98
440 3 1 90 141 173
441 3 1 141 190 173
442 3 1 141 97 190
443 3 1 173 190 103
444 3 1 90 174 188
445 3 1 174 191 188
446 3 1 174 102 191
447 3 1 188 191 106
448 3 1 89 187 175
449 3 1 187 192 175
450 3 1 187 107 192
451 3 1 175 192 101
452 3 1 60 184 166
453 3 1 184 191 166
454 3 1 184 106 191
455 3 1 166 191 102
456 3 1 34 164 181
457 3 1 164 192 181
458 3 1 164 101 192
459 3 1 181 192 107
