0 1.0000 0.0000 0 -1
1 11.0000 0.0000 0 -1
2 12.0000 0.0000 -1 0
3 0.0000 3.0000 -1 0
4 0.0000 4.0000 0 0
5 12.0000 3.0000 -1 0
6 12.0000 4.0000 0 0
7 0.0000 0.0000 -1 0
8 0.5000 0.0000 0 -1
9 1.3925 0.2949 0 0
10 1.8023 0.5652 0 0
11 2.2279 0.8099 0 0
12 2.6677 1.0280 0 0
13 3.1201 1.2187 0 0
14 3.5833 1.3813 0 0
15 4.0557 1.5151 0 0
16 4.5353 1.6198 0 0
17 5.0205 1.6948 0 0
18 5.5093 1.7399 0 0
19 6.0000 1.7550 0 0
20 6.4907 1.7399 0 0
21 6.9795 1.6948 0 0
22 7.4647 1.6198 0 0
23 7.9443 1.5151 0 0
24 8.4167 1.3813 0 0
25 8.8799 1.2187 0 0
26 9.3323 1.0280 0 0
27 9.7721 0.8099 0 0
28 10.1977 0.5652 0 0
29 10.6075 0.2949 0 0
30 11.5000 0.0000 0 -1
31 12.0000 0.5000 -1 0
32 12.0000 1.0000 -1 0
33 12.0000 1.5000 -1 0
34 12.0000 2.0000 -1 0
35 12.0000 2.5000 -1 0
36 11.5000 3.0000 0 0
37 11.0000 3.0000 0 0
38 10.5000 3.0000 0 0
39 10.0000 3.0000 0 0
40 9.5000 3.0000 0 0
41 9.0000 3.0000 0 0
42 8.5000 3.0000 0 0
43 8.0000 3.0000 0 0
44 7.5000 3.0000 0 0
45 7.0000 3.0000 0 0
46 6.5000 3.0000 0 0
47 6.0000 3.0000 0 0
48 5.5000 3.0000 0 0
49 5.0000 3.0000 0 0
50 4.5000 3.0000 0 0
51 4.0000 3.0000 0 0
52 3.5000 3.0000 0 0
53 3.0000 3.0000 0 0
54 2.5000 3.0000 0 0
55 2.0000 3.0000 0 0
56 1.5000 3.0000 0 0
57 1.0000 3.0000 0 0
58 0.5000 3.0000 0 0
59 0.0000 2.5000 -1 0
60 0.0000 2.0000 -1 0
61 0.0000 1.5000 -1 0
62 0.0000 1.0000 -1 0
63 0.0000 0.5000 -1 0
64 12.0000 3.5000 0 0
65 11.5000 4.0000 0 0
66 11.0000 4.0000 0 0
67 10.5000 4.0000 0 0
68 10.0000 4.0000 0 0
69 9.5000 4.0000 0 0
70 9.0000 4.0000 0 0
71 8.5000 4.0000 0 0
72 8.0000 4.0000 0 0
73 7.5000 4.0000 0 0
74 7.0000 4.0000 0 0
75 6.5000 4.0000 0 0
76 6.0000 4.0000 0 0
77 5.5000 4.0000 0 0
78 5.0000 4.0000 0 0
79 4.5000 4.0000 0 0
80 4.0000 4.0000 0 0
81 3.5000 4.0000 0 0
82 3.0000 4.0000 0 0
83 2.5000 4.0000 0 0
84 2.0000 4.0000 0 0
85 1.5000 4.0000 0 0
86 1.0000 4.0000 0 0
87 0.5000 4.0000 0 0
88 0.0000 3.5000 0 0
89 10.8067 1.6934 0 0
90 1.1933 1.6934 0 0
91 9.4616 2.0673 0 0
92 2.5384 2.0673 0 0
93 11.0724 0.8966 0 0
94 0.9276 0.8966 0 0
95 8.4016 2.2550 0 0
96 3.5984 2.2550 0 0
97 2.0022 1.4555 0 0
98 9.9978 1.4555 0 0
99 7.4714 2.3229 0 0
100 4.5286 2.3229 0 0
101 11.2549 2.2616 0 0
102 0.7451 2.2616 0 0
103 1.6369 2.2565 0 0
104 10.3631 2.2565 0 0
105 6.0000 2.3321 0 0
106 0.5639 1.5441 0 0
107 11.4361 1.5441 0 0
108 6.7453 2.3700 0 0
109 6.5000 2.6660 0 0
110 6.2453 2.0360 0 0
111 5.7547 2.0360 0 0
112 5.5000 2.6660 0 0
113 5.2547 2.3700 0 0
114 6.9810 2.0314 0 0
115 7.2357 2.6615 0 0
116 4.7643 2.6615 0 0
117 5.0190 2.0314 0 0
118 9.3969 1.5476 0 0
119 8.9391 1.7243 0 0
120 3.0609 1.7243 0 0
121 2.6031 1.5476 0 0
122 8.9316 2.1611 0 0
123 8.4091 1.8181 0 0
124 3.5909 1.8181 0 0
125 3.0684 2.1611 0 0
126 11.5362 0.4483 0 0
127 11.0362 0.4483 0 0
128 0.9638 0.4483 0 0
129 0.4638 0.4483 0 0
130 11.5362 0.9483 0 0
131 0.4638 0.9483 0 0
132 1.9022 1.0104 0 0
133 1.4649 1.1761 0 0
134 1.3649 0.7309 0 0
135 10.6351 0.7309 0 0
136 10.5351 1.1761 0 0
137 10.0978 1.0104 0 0
138 7.9332 1.9374 0 0
139 4.0668 1.9374 0 0
140 1.0604 1.2950 0 0
141 1.5977 1.5745 0 0
142 10.4023 1.5745 0 0
143 10.9396 1.2950 0 0
144 6.0000 2.6660 0 0
145 7.9365 2.2890 0 0
146 7.4681 1.9714 0 0
147 4.5319 1.9714 0 0
148 4.0635 2.2890 0 0
149 9.2308 2.5336 0 0
150 9.7308 2.5336 0 0
151 2.2692 2.5336 0 0
152 2.7692 2.5336 0 0
153 3.2992 2.6275 0 0
154 8.7008 2.6275 0 0
155 10.6816 2.6283 0 0
156 10.8090 2.2591 0 0
157 11.1274 2.6308 0 0
158 0.8726 2.6308 0 0
159 1.1910 2.2591 0 0
160 1.3184 2.6283 0 0
161 10.1816 2.6283 0 0
162 1.8184 2.6283 0 0
163 11.6274 2.6308 0 0
164 11.6274 2.1308 0 0
165 0.3726 2.6308 0 0
166 0.3726 2.1308 0 0
167 8.2008 2.6275 0 0
168 3.7992 2.6275 0 0
169 2.2703 1.7614 0 0
170 2.3349 1.2417 0 0
171 9.6651 1.2417 0 0
172 9.7297 1.7614 0 0
173 1.4151 1.9750 0 0
174 0.9692 1.9775 0 0
175 11.0308 1.9775 0 0
176 10.5849 1.9750 0 0
177 9.9124 2.1619 0 0
178 2.0876 2.1619 0 0
179 7.7357 2.6615 0 0
180 4.2643 2.6615 0 0
181 11.7180 1.7720 0 0
182 11.7180 1.2720 0 0
183 0.2820 1.2720 0 0
184 0.2820 1.7720 0 0
185 11.2543 1.2203 0 0
186 0.7457 1.2203 0 0
187 11.1214 1.6187 0 0
188 0.8786 1.6187 0 0
189 10.1805 1.8560 0 0
190 1.8195 1.8560 0 0
191 0.6545 1.9028 0 0
192 11.3455 1.9028 0 0
193 10.5000 3.5000 0 0
194 8.5000 3.5000 0 0
195 5.5000 3.5000 0 0
196 11.5000 3.5000 0 0
197 9.5000 3.5000 0 0
198 6.5000 3.5000 0 0
199 7.5000 3.5000 0 0
200 0.5000 3.5000 0 0
201 3.5000 3.5000 0 0
202 2.5000 3.5000 0 0
203 1.5000 3.5000 0 0
204 4.5000 3.5000 0 0
205 11.7500 3.7500 0 0
206 11.7500 3.2500 0 0
207 5.7500 3.2500 0 0
208 5.2500 3.2500 0 0
209 5.2500 3.7500 0 0
210 5.7500 3.7500 0 0
211 8.7500 3.2500 0 0
212 8.2500 3.2500 0 0
213 8.2500 3.7500 0 0
214 8.7500 3.7500 0 0
215 9.7500 3.2500 0 0
216 9.2500 3.2500 0 0
217 9.2500 3.7500 0 0
218 9.7500 3.7500 0 0
219 10.2500 3.2500 0 0
220 10.0000 3.5000 0 0
221 10.2500 3.7500 0 0
222 0.7500 3.2500 0 0
223 0.2500 3.2500 0 0
224 0.2500 3.7500 0 0
225 0.7500 3.7500 0 0
226 3.7500 3.2500 0 0
227 3.2500 3.2500 0 0
228 2.7500 3.2500 0 0
229 2.2500 3.2500 0 0
230 1.7500 3.2500 0 0
231 1.2500 3.2500 0 0
232 3.2500 3.7500 0 0
233 3.7500 3.7500 0 0
234 2.2500 3.7500 0 0
235 2.7500 3.7500 0 0
236 1.2500 3.7500 0 0
237 1.7500 3.7500 0 0
238 4.7500 3.2500 0 0
239 4.2500 3.2500 0 0
240 4.2500 3.7500 0 0
241 4.7500 3.7500 0 0
242 6.2500 3.2500 0 0
243 6.0000 3.5000 0 0
244 6.2500 3.7500 0 0
245 8.0000 3.5000 0 0
246 7.7500 3.2500 0 0
247 7.7500 3.7500 0 0
248 10.7500 3.2500 0 0
249 10.7500 3.7500 0 0
250 11.2500 3.2500 0 0
251 11.0000 3.5000 0 0
252 11.2500 3.7500 0 0
253 9.0000 3.5000 0 0
254 5.0000 3.5000 0 0
255 6.7500 3.2500 0 0
256 6.7500 3.7500 0 0
257 7.2500 3.2500 0 0
258 7.0000 3.5000 0 0
259 7.2500 3.7500 0 0
260 4.0000 3.5000 0 0
261 3.0000 3.5000 0 0
262 2.0000 3.5000 0 0
263 1.0000 3.5000 0 0
