    0         1         0         0         4        24        23
    1         1         0        23        24        25        22
    2         1         0        22        25        26        21
    3         1         0        21        26        20         3
    4         1         0         4         5        27        24
    5         1         0        24        27        28        25
    6         1         0        25        28        29        26
    7         1         0        26        29        19        20
    8         1         0         5         6        30        27
    9         1         0        27        30        31        28
   10         1         0        28        31        32        29
   11         1         0        29        32        18        19
   12         1         0         6         7        33        30
   13         1         0        30        33        34        31
   14         1         0        31        34        35        32
   15         1         0        32        35        17        18
   16         1         0         7         8        36        33
   17         1         0        33        36        37        34
   18         1         0        34        37        38        35
   19         1         0        35        38        16        17
   20         1         0         8         9        39        36
   21         1         0        36        39        40        37
   22         1         0        37        40        41        38
   23         1         0        38        41        15        16
   24         1         0         9        10        42        39
   25         1         0        39        42        43        40
   26         1         0        40        43        44        41
   27         1         0        41        44        14        15
   28         1         0        10         1        11        42
   29         1         0        42        11        12        43
   30         1         0        43        12        13        44
   31         1         0        44        13         2        14
