    0              0.000000             -4.000000              0              0
    1             24.000000             -4.000000             -1              0
    2             24.000000              4.000000             -1              0
    3              0.000000              4.000000              0              0
    4              3.000000             -4.000000              0              0
    5              6.000000             -4.000000              0              0
    6              9.000000             -4.000000              0              0
    7             12.000000             -4.000000              0              0
    8             15.000000             -4.000000              0              0
    9             18.000000             -4.000000              0              0
   10             21.000000             -4.000000              0              0
   11             24.000000             -2.000000             -1              0
   12             24.000000             -0.000000             -1             -1
   13             24.000000              2.000000             -1              0
   14             21.000000              4.000000              0              0
   15             18.000000              4.000000              0              0
   16             15.000000              4.000000              0              0
   17             12.000000              4.000000              0              0
   18              9.000000              4.000000              0              0
   19              6.000000              4.000000              0              0
   20              3.000000              4.000000              0              0
   21              0.000000              2.000000              0              0
   22              0.000000              0.000000              0              0
   23              0.000000             -2.000000              0              0
   24              3.000000             -2.000000              0              0
   25              3.000000              0.000000              0              0
   26              3.000000              2.000000              0              0
   27              6.000000             -2.000000              0              0
   28              6.000000              0.000000              0              0
   29              6.000000              2.000000              0              0
   30              9.000000             -2.000000              0              0
   31              9.000000              0.000000              0              0
   32              9.000000              2.000000              0              0
   33             12.000000             -2.000000              0              0
   34             12.000000              0.000000              0              0
   35             12.000000              2.000000              0              0
   36             15.000000             -2.000000              0              0
   37             15.000000             -0.000000              0              0
   38             15.000000              2.000000              0              0
   39             18.000000             -2.000000              0              0
   40             18.000000             -0.000000              0              0
   41             18.000000              2.000000              0              0
   42             21.000000             -2.000000              0              0
   43             21.000000             -0.000000              0              0
   44             21.000000              2.000000              0              0
