    0         3         0        23        24        34
    1         3         0        24        23         3
    2         3         0        23        34        25
    3         3         0        12        13        31
    4         3         0        14        15        31
    5         3         0         4         5        25
    6         3         0        22        23        25
    7         3         0         5        26        25
    8         3         0        22        25        26
    9         3         0         5         6        26
   10         3         0        21        22        26
   11         3         0         1         2        27
   12         3         0         6        28        26
   13         3         0        21        26        28
   14         3         0        20        21        28
   15         3         0         6         7        28
   16         3         0        20        28        29
   17         3         0         7        29        28
   18         3         0         0        34        24
   19         3         0         0         4        34
   20         3         0         4        25        34
   21         3         0        19        20        29
   22         3         0         7         8        29
   23         3         0        11        12        33
   24         3         0        15        16        33
   25         3         0        13        27        14
   26         3         0        19        29        30
   27         3         0         8        30        29
   28         3         0        18        19        30
   29         3         0         8         9        30
   30         3         0        13        14        31
   31         3         0        18        30        32
   32         3         0         9        32        30
   33         3         0        12        31        15
   34         3         0        16        35        33
   35         3         0        35        11        33
   36         3         0        17        18        32
   37         3         0         9        10        32
   38         3         0        17        32        35
   39         3         0        10        35        32
   40         3         0        10        11        35
   41         3         0        16        17        35
   42         3         0        12        15        33
   43         3         0         1        27        13
   44         3         0         2        14        27
