    0              0.000000             -1.000000             -1             -1
    1             10.000000             -0.250000              0              0
    2             10.000000              0.250000              0              0
    3              0.000000              1.000000             -1             -1
    4              0.909091             -0.931818              0              0
    5              1.818182             -0.863636              0              0
    6              2.727273             -0.795455              0              0
    7              3.636364             -0.727273              0              0
    8              4.545455             -0.659091              0              0
    9              5.454545             -0.590909              0              0
   10              6.363636             -0.522727              0              0
   11              7.272727             -0.454545              0              0
   12              8.181818             -0.386364              0              0
   13              9.090909             -0.318182              0              0
   14              9.090909              0.318182              0              0
   15              8.181818              0.386364              0              0
   16              7.272727              0.454545              0              0
   17              6.363636              0.522727              0              0
   18              5.454545              0.590909              0              0
   19              4.545455              0.659091              0              0
   20              3.636364              0.727273              0              0
   21              2.727273              0.795455              0              0
   22              1.818182              0.863636              0              0
   23              0.909091              0.931818              0              0
   24              0.000000              0.000000             -1             -1
   25              1.389263             -0.046171              0              0
   26              2.267481             -0.007695              0              0
   27              9.524148              0.000000              0              0
   28              3.158690             -0.000916              0              0
   29              4.079242             -0.000153              0              0
   30              4.991095             -0.000025              0              0
   31              8.609943              0.000000              0              0
   32              5.901499             -0.000004              0              0
   33              7.695739              0.000000              0              0
   34              0.648153             -0.277023              0              0
   35              6.811661             -0.000001              0              0
