    0              0.000000              0.000000              0              0
    1             -2.828427              2.828427              0              0
    2              0.000000              5.656854              0              0
    3              2.828427              2.828427              0              0
    4             -0.707107              0.707107              0              0
    5             -1.414214              1.414214              0              0
    6             -2.121320              2.121320              0              0
    7             -2.121320              3.535534              0              0
    8             -1.414214              4.242641              0              0
    9             -0.707107              4.949747              0              0
   10              0.707107              4.949747              0              0
   11              1.414214              4.242641              0              0
   12              2.121320              3.535534              0              0
   13              2.121320              2.121320              0              0
   14              1.414214              1.414214              0              0
   15              0.707107              0.707107              0              0
   16              0.000000              1.414214              0              0
   17              0.707107              2.121320              0              0
   18              1.414214              2.828427              0              0
   19             -0.707107              2.121320              0              0
   20             -0.000000              2.828427              0              0
   21              0.707107              3.535534              0              0
   22             -1.414214              2.828427              0              0
   23             -0.707107              3.535534              0              0
   24             -0.000000              4.242641              0              0
