0.000000000000000000e+00 2.795839629298392526e-02
3.315007610929682214e-02 0.000000000000000000e+00
2.909317313903504731e-02 0.000000000000000000e+00
0.000000000000000000e+00 2.390754760998575409e-02
3.601332382338805638e-03 2.601291949235421189e-02
7.317985160985673518e-03 2.393986945605348915e-02
1.101052627392954016e-02 2.158026567676039897e-02
1.471220221924626759e-02 1.875349322213816852e-02
1.851740346339876206e-02 1.598305518830633876e-02
2.205411368323206486e-02 1.288802335547576880e-02
2.561543750489911342e-02 9.785776666642148972e-03
2.863241938551529947e-02 6.583972920706173196e-03
3.106430792924112436e-02 3.248039444885376242e-03
3.049543182462702978e-02 0.000000000000000000e+00
2.832023147779718850e-02 3.559994976807781281e-03
2.639427373441958005e-02 6.620798838109658718e-03
2.411510141942479341e-02 8.960922465437904869e-03
2.147548497070951232e-02 1.094499078603064675e-02
1.914307185047323112e-02 1.259566211999041570e-02
1.666474086572834051e-02 1.388100370028710895e-02
1.462678102067233032e-02 1.517932028500357418e-02
1.276856195174133971e-02 1.683192747250808127e-02
1.070521062235788023e-02 1.828560963012304530e-02
8.531788881431757662e-03 2.014273585307937639e-02
6.231690305346056398e-03 2.175601544164216042e-02
3.331607403905946767e-03 2.332649810352678890e-02
0.000000000000000000e+00 2.529250767848011464e-02
1.160135191217198485e-02 1.919094713601485896e-02
2.264835660702203129e-02 1.084421184147902825e-02
2.505414101125533199e-02 8.721573272854488829e-03
9.029741546378367012e-03 2.091913494419033598e-02
1.566789724148191440e-02 1.586067118176705953e-02
1.810179581737821064e-02 1.405793411148534983e-02
5.544433074319433073e-03 2.351104800909081111e-02
2.835331889945378811e-02 5.421710783413903785e-03
2.948715436924667990e-02 3.077954884400732703e-03
3.042403239139424356e-03 2.438213958597598013e-02
1.616180883084385525e-02 1.464466367045473040e-02
7.403999580265374462e-03 2.144519935829935706e-02
2.586577731575520622e-02 7.497773778299465786e-03
2.161828142723959140e-03 2.578114157339844725e-02
3.095445410663063765e-02 2.084128167255043344e-03
1.994137192609905102e-02 1.241405412911560438e-02
1.320068067587514514e-02 1.726234634281622812e-02
