    0         3         0        31        54        59
    1         3         0        16        59        54
    2         3         0        17        18        71
    3         3         0        31        32        54
    4         3         0        15        16        54
    5         3         0        48        57        58
    6         3         0        49        58        57
    7         3         0         6         7        55
    8         3         0        40        41        56
    9         3         0        44        77        81
   10         3         0        46        82        77
   11         3         0        17        71        59
   12         3         0        47        87        65
   13         3         0        53        65        87
   14         3         0        52        81        77
   15         3         0        53        77        82
   16         3         0        32        64        54
   17         3         0        16        17        59
   18         3         0        30        31        59
   19         3         0        38        39        58
   20         3         0         8         9        57
   21         3         0        49        60        61
   22         3         0        40        56        70
   23         3         0         7        69        55
   24         3         0        47        55        86
   25         3         0        47        86        56
   26         3         0        44        45        77
   27         3         0        45        46        77
   28         3         0        15        54        76
   29         3         0        18        63        71
   30         3         0        50        61        60
   31         3         0         6        55        65
   32         3         0        41        66        56
   33         3         0        10        11        60
   34         3         0        47        65        55
   35         3         0        47        56        66
   36         3         0        56        86        70
   37         3         0        55        69        86
   38         3         0        38        58        73
   39         3         0         9        74        57
   40         3         0        50        62        68
   41         3         0        48        70        86
   42         3         0        48        86        69
   43         3         0        52        87        66
   44         3         0        49        73        58
   45         3         0        49        57        74
   46         3         0        12        13        62
   47         3         0        47        66        87
   48         3         0        49        61        73
   49         3         0        51        68        62
   50         3         0        36        37        61
   51         3         0         8        57        69
   52         3         0        48        69        57
   53         3         0        48        58        70
   54         3         0        39        70        58
   55         3         0        11        79        60
   56         3         0        51        76        64
   57         3         0        28        29        63
   58         3         0        18        19        63
   59         3         0        50        68        78
   60         3         0        30        59        71
   61         3         0        32        33        64
   62         3         0        50        60        79
   63         3         0        51        85        76
   64         3         0        13        85        62
   65         3         0        28        63        67
   66         3         0        19        67        63
   67         3         0         5         6        65
   68         3         0        41        42        66
   69         3         0        10        60        74
   70         3         0        49        74        60
   71         3         0        54        64        76
   72         3         0        50        78        61
   73         3         0        51        62        85
   74         3         0        37        73        61
   75         3         0        52        66        88
   76         3         0        53        89        65
   77         3         0        36        61        78
   78         3         0        27        28        67
   79         3         0        19        20        67
   80         3         0        51        84        68
   81         3         0        29        71        63
   82         3         0        50        79        62
   83         3         0        12        62        79
   84         3         0        29        30        71
   85         3         0        34        35        68
   86         3         0        27        67        72
   87         3         0        20        72        67
   88         3         0        33        84        64
   89         3         0        51        64        84
   90         3         0         3        81        43
   91         3         0         0         4        82
   92         3         0         3        44        81
   93         3         0         0        82        46
   94         3         0         7         8        69
   95         3         0        39        40        70
   96         3         0        20        21        72
   97         3         0        26        27        72
   98         3         0         5        65        89
   99         3         0        42        88        66
  100         3         0        35        78        68
  101         3         0        21        75        72
  102         3         0        26        72        75
  103         3         0        34        68        84
  104         3         0        37        38        73
  105         3         0         9        10        74
  106         3         0        21        22        75
  107         3         0        25        26        75
  108         3         0        14        15        76
  109         3         0        22        80        75
  110         3         0        25        75        80
  111         3         0         1         2        83
  112         3         0        35        36        78
  113         3         0        11        12        79
  114         3         0        14        76        85
  115         3         0        22        23        80
  116         3         0        24        25        80
  117         3         0        24        80        83
  118         3         0        23        83        80
  119         3         0         1        83        23
  120         3         0         2        24        83
  121         3         0        33        34        84
  122         3         0        13        14        85
  123         3         0         4         5        89
  124         3         0        42        43        88
  125         3         0        53        87        77
  126         3         0        52        77        87
  127         3         0        43        81        88
  128         3         0         4        89        82
  129         3         0        52        88        81
  130         3         0        53        82        89
