    0              0.000000             -1.000000             -1             -1
    1             10.000000             -0.250000              0              0
    2             10.000000              0.250000              0              0
    3              0.000000              1.000000             -1             -1
    4              0.476190             -0.964286              0              0
    5              0.952381             -0.928571              0              0
    6              1.428571             -0.892857              0              0
    7              1.904762             -0.857143              0              0
    8              2.380952             -0.821429              0              0
    9              2.857143             -0.785714              0              0
   10              3.333333             -0.750000              0              0
   11              3.809524             -0.714286              0              0
   12              4.285714             -0.678571              0              0
   13              4.761905             -0.642857              0              0
   14              5.238095             -0.607143              0              0
   15              5.714286             -0.571429              0              0
   16              6.190476             -0.535714              0              0
   17              6.666667             -0.500000              0              0
   18              7.142857             -0.464286              0              0
   19              7.619048             -0.428571              0              0
   20              8.095238             -0.392857              0              0
   21              8.571429             -0.357143              0              0
   22              9.047619             -0.321429              0              0
   23              9.523810             -0.285714              0              0
   24              9.523810              0.285714              0              0
   25              9.047619              0.321429              0              0
   26              8.571429              0.357143              0              0
   27              8.095238              0.392857              0              0
   28              7.619048              0.428571              0              0
   29              7.142857              0.464286              0              0
   30              6.666667              0.500000              0              0
   31              6.190476              0.535714              0              0
   32              5.714286              0.571429              0              0
   33              5.238095              0.607143              0              0
   34              4.761905              0.642857              0              0
   35              4.285714              0.678571              0              0
   36              3.809524              0.714286              0              0
   37              3.333333              0.750000              0              0
   38              2.857143              0.785714              0              0
   39              2.380952              0.821429              0              0
   40              1.904762              0.857143              0              0
   41              1.428571              0.892857              0              0
   42              0.952381              0.928571              0              0
   43              0.476190              0.964286              0              0
   44              0.000000              0.500000             -1             -1
   45              0.000000              0.000000             -1             -1
   46              0.000000             -0.500000             -1             -1
   47              1.328608              0.005104              0              0
   48              2.213785             -0.000000              0              0
   49              3.037649             -0.000000              0              0
   50              3.995387             -0.000000              0              0
   51              4.961046             -0.003905              0              0
   52              0.623908              0.356447              0              0
   53              0.653005             -0.352751              0              0
   54              5.878174             -0.016436              0              0
   55              1.606705             -0.446922              0              0
   56              1.606705              0.448624              0              0
   57              2.591431             -0.306539              0              0
   58              2.609155              0.310695              0              0
   59              6.415545              0.010658              0              0
   60              3.543812             -0.285806              0              0
   61              3.544782              0.284034              0              0
   62              4.500393             -0.258066              0              0
   63              7.375160              0.013397              0              0
   64              5.370519              0.209224              0              0
   65              1.061260             -0.468175              0              0
   66              1.057103              0.479153              0              0
   67              7.851490              0.002233              0              0
   68              4.501281              0.258032              0              0
   69              2.070194             -0.405339              0              0
   70              2.084796              0.419772              0              0
   71              6.901625              0.004009              0              0
   72              8.328150              0.000372              0              0
   73              3.076412              0.426089              0              0
   74              3.072674             -0.425612              0              0
   75              8.804865              0.000062              0              0
   76              5.357014             -0.224590              0              0
   77              0.360849              0.003064              0              0
   78              4.024555              0.388914              0              0
   79              4.024555             -0.388914              0              0
   80              9.281590              0.000010              0              0
   81              0.359357              0.585941              0              0
   82              0.364206             -0.584303              0              0
   83              9.722039              0.000001              0              0
   84              4.979964              0.357851              0              0
   85              4.979964             -0.357851              0              0
   86              1.791341              0.002528              0              0
   87              0.847456              0.003807              0              0
   88              0.695192              0.691848              0              0
   89              0.696810             -0.683458              0              0
